0 0.877083 0.576852 0.004167 0.014815
0 0.886458 0.573611 0.004167 0.015741
0 0.891667 0.576852 0.004167 0.012963
2 0.465365 0.788889 0.021354 0.024074
0 0.620052 0.611574 0.003646 0.015741
0 0.530990 0.792593 0.005729 0.016667
0 0.535417 0.794907 0.005208 0.017593
0 0.619792 0.741204 0.005208 0.012037
0 0.632812 0.760648 0.003125 0.010185
2 0.887240 0.594907 0.030729 0.087963
2 0.921875 0.618056 0.014583 0.008333
2 0.932031 0.578241 0.017188 0.078704
2 0.943750 0.609722 0.016667 0.010185
2 0.949219 0.573611 0.016146 0.075000
2 0.962760 0.570833 0.028646 0.071296
0 0.319010 0.945370 0.007812 0.018519
