1 0.304948 0.574537 0.005729 0.008333
1 0.326823 0.573148 0.011979 0.012963
1 0.241406 0.581481 0.005729 0.011111
1 0.138021 0.698611 0.015625 0.013889
0 0.112500 0.713889 0.004167 0.016667
1 0.311719 0.887963 0.033854 0.044444
1 0.293229 0.878241 0.026042 0.030556
1 0.267448 0.856481 0.027604 0.027778
1 0.240885 0.856944 0.026562 0.028704
1 0.232552 0.848611 0.024479 0.021296
1 0.429948 0.702315 0.013021 0.013889
1 0.599219 0.765741 0.020313 0.024074
1 0.584115 0.766667 0.010937 0.018519
1 0.593490 0.680093 0.016146 0.012037
1 0.601302 0.673611 0.016146 0.008333
1 0.605990 0.849074 0.022396 0.020370
1 0.818490 0.859259 0.022396 0.024074
1 0.848698 0.629167 0.017188 0.015741
1 0.850521 0.646759 0.012500 0.012037
1 0.970313 0.611574 0.007292 0.010185
1 0.273438 0.943981 0.037500 0.037963
1 0.495052 0.959259 0.027604 0.029630
1 0.870833 0.931481 0.018750 0.035185
1 0.854688 0.917593 0.022917 0.042593
1 0.433333 0.756944 0.017708 0.026852
