1 0.522656 0.596296 0.013021 0.011111
1 0.555729 0.582870 0.012500 0.012037
2 0.636719 0.536574 0.025521 0.030556
1 0.646615 0.562037 0.006771 0.007407
1 0.652604 0.550463 0.004167 0.006481
2 0.663802 0.511574 0.020313 0.039815
1 0.660156 0.555556 0.004687 0.005556
1 0.666927 0.554630 0.006771 0.009259
2 0.641406 0.522685 0.022396 0.034259
1 0.569531 0.577315 0.009896 0.010185
2 0.700781 0.536111 0.067187 0.037037
2 0.693750 0.472222 0.008333 0.044444
2 0.797396 0.520370 0.025000 0.042593
2 0.700000 0.483796 0.008333 0.015741
2 0.683594 0.469907 0.015104 0.047222
2 0.744792 0.483333 0.026042 0.033333
2 0.811979 0.556019 0.015625 0.039815
2 0.779687 0.562500 0.015625 0.039815
2 0.784896 0.555093 0.015625 0.034259
2 0.791146 0.553241 0.015625 0.034259
2 0.852344 0.568519 0.018229 0.046296
0 0.980469 0.589815 0.004687 0.005556
1 0.059375 0.621759 0.008333 0.010185
1 0.191146 0.864352 0.022917 0.019444
1 0.229427 0.906944 0.020313 0.043519
1 0.210938 0.646296 0.014583 0.012963
1 0.482031 0.830556 0.014063 0.024074
1 0.413021 0.775000 0.011458 0.022222
1 0.425521 0.772685 0.010417 0.019444
1 0.437760 0.772685 0.009896 0.019444
1 0.445312 0.617593 0.013542 0.012963
1 0.498437 0.662963 0.019792 0.011111
1 0.494792 0.656019 0.015625 0.012037
1 0.670052 0.762500 0.015104 0.021296
1 0.643490 0.767593 0.015104 0.020370
1 0.630208 0.768519 0.014583 0.020370
1 0.516927 0.607870 0.005729 0.010185
0 0.642448 0.672222 0.004687 0.011111
1 0.636458 0.596296 0.006250 0.005556
1 0.695573 0.894444 0.033854 0.029630
1 0.686458 0.860648 0.034375 0.028704
1 0.759375 0.822222 0.027083 0.035185
1 0.774740 0.823148 0.014063 0.024074
1 0.788021 0.822685 0.017708 0.019444
1 0.804948 0.821296 0.020313 0.022222
1 0.802083 0.788889 0.020833 0.022222
1 0.775260 0.790741 0.018229 0.020370
1 0.730729 0.797222 0.015625 0.020370
1 0.717448 0.796759 0.018229 0.025000
0 0.713542 0.845833 0.006250 0.021296
0 0.860156 0.764815 0.005729 0.016667
0 0.979167 0.875926 0.006250 0.011111
1 0.244531 0.912037 0.019271 0.037037
1 0.740885 0.970833 0.035937 0.036111
1 0.734635 0.958333 0.030729 0.027778
1 0.731250 0.948148 0.028125 0.025926
1 0.871615 0.992593 0.022396 0.014815
