2 0.493490 0.537037 0.066146 0.035185
2 0.434896 0.516667 0.028125 0.070370
2 0.458594 0.509722 0.021354 0.050926
2 0.588281 0.518056 0.023438 0.030556
2 0.639062 0.561111 0.015625 0.042593
1 0.283594 0.846296 0.014063 0.022222
1 0.207292 0.794907 0.013542 0.023148
1 0.220573 0.794444 0.010937 0.020370
1 0.232813 0.791667 0.011458 0.020370
1 0.292448 0.666667 0.015104 0.009259
1 0.294271 0.672685 0.014583 0.008333
1 0.507292 0.891667 0.034375 0.029630
1 0.497656 0.864815 0.024479 0.025926
1 0.486719 0.855093 0.031771 0.028704
1 0.470052 0.759259 0.014063 0.020370
1 0.430729 0.767593 0.013542 0.018519
1 0.445052 0.765278 0.013021 0.019444
1 0.527604 0.817593 0.016667 0.020370
1 0.516927 0.787963 0.017188 0.024074
1 0.006771 0.964815 0.012500 0.044444
1 0.020573 0.968519 0.018229 0.037037
1 0.542188 0.952778 0.034375 0.035185
1 0.534896 0.942130 0.029167 0.028704
2 0.602604 0.550926 0.015625 0.042593
2 0.577083 0.546296 0.015625 0.042593
2 0.571615 0.557407 0.014063 0.038889
