1 0.047656 0.577315 0.014063 0.012037
1 0.274479 0.550000 0.007292 0.009259
1 0.241406 0.581481 0.005729 0.007407
1 0.328646 0.586574 0.008333 0.012037
1 0.328906 0.577778 0.007812 0.009259
1 0.319792 0.579167 0.006250 0.008333
1 0.234115 0.583333 0.006771 0.007407
1 0.182552 0.590278 0.005729 0.004630
1 0.315365 0.589352 0.005729 0.006481
1 0.349740 0.597222 0.011979 0.012963
1 0.344010 0.595370 0.010937 0.012963
1 0.360938 0.581481 0.006250 0.011111
1 0.343229 0.575926 0.009375 0.007407
1 0.353646 0.575463 0.007292 0.008333
1 0.335677 0.575463 0.003646 0.008333
1 0.354167 0.587500 0.012500 0.006481
1 0.347656 0.581019 0.005729 0.008333
1 0.340104 0.584722 0.010417 0.010185
0 0.105990 0.671759 0.003646 0.012037
1 0.233333 0.849074 0.027083 0.022222
1 0.266406 0.857870 0.027604 0.026852
1 0.291406 0.879167 0.025521 0.028704
1 0.439063 0.706944 0.009375 0.013889
1 0.432292 0.705556 0.014583 0.012963
1 0.445312 0.708333 0.010417 0.014815
1 0.336198 0.596759 0.004687 0.006481
1 0.606771 0.848148 0.020833 0.025926
1 0.608073 0.787500 0.024479 0.021296
1 0.597917 0.766667 0.020833 0.024074
1 0.583854 0.766204 0.013542 0.017593
1 0.592187 0.680556 0.015625 0.014815
1 0.818229 0.858796 0.022917 0.023148
1 0.850260 0.646759 0.013021 0.013889
1 0.849740 0.633333 0.016146 0.014815
1 0.987760 0.670833 0.017188 0.013889
1 0.836979 0.825463 0.006250 0.015741
1 0.995833 0.669444 0.008333 0.012963
1 0.273438 0.945370 0.038542 0.037037
1 0.655990 0.922685 0.020313 0.028704
1 0.854427 0.918056 0.022396 0.043519
1 0.870313 0.931019 0.020833 0.037963
