2 0.333594 0.287500 0.019271 0.006481
2 0.380208 0.269444 0.011458 0.009259
2 0.478906 0.263426 0.007812 0.006481
2 0.170052 0.404630 0.021354 0.035185
1 0.009375 0.569907 0.015625 0.010185
1 0.016927 0.585648 0.016146 0.013889
1 0.008854 0.565741 0.015625 0.011111
2 0.211458 0.376852 0.016667 0.033333
2 0.327865 0.376852 0.021354 0.038889
2 0.223438 0.405093 0.059375 0.030556
2 0.278906 0.352315 0.035937 0.021296
1 0.167969 0.435185 0.008854 0.009259
1 0.194792 0.421296 0.004167 0.007407
1 0.180208 0.422222 0.004167 0.007407
1 0.169010 0.468519 0.003646 0.009259
1 0.247656 0.495370 0.009896 0.007407
1 0.172917 0.423148 0.004167 0.005556
1 0.186719 0.422685 0.004687 0.006481
1 0.244531 0.492593 0.010937 0.007407
0 0.275521 0.453704 0.003125 0.009259
0 0.270573 0.491667 0.002604 0.007407
0 0.261198 0.494444 0.002604 0.007407
0 0.265625 0.493981 0.002083 0.008333
0 0.267708 0.494907 0.002083 0.008333
0 0.721094 0.580093 0.003646 0.010185
1 0.006250 0.760648 0.011458 0.025000
1 0.235937 0.732407 0.032292 0.029630
1 0.294271 0.818981 0.032292 0.039815
1 0.212760 0.634722 0.015104 0.019444
1 0.269531 0.785648 0.031771 0.025000
1 0.246875 0.658796 0.020833 0.030556
1 0.287760 0.810185 0.026562 0.031481
1 0.264062 0.658333 0.014583 0.024074
1 0.264062 0.775000 0.029167 0.025926
1 0.184115 0.644907 0.016146 0.025000
1 0.331510 0.635185 0.017188 0.022222
1 0.296354 0.645833 0.018750 0.023148
0 0.494531 0.665278 0.003646 0.010185
0 0.537760 0.680556 0.003646 0.018519
0 0.572656 0.684259 0.003646 0.018519
0 0.565885 0.685185 0.003646 0.011111
