1 0.362500 0.596296 0.006250 0.011111
2 0.438542 0.530556 0.020833 0.035185
2 0.461198 0.509259 0.016146 0.044444
1 0.360938 0.585185 0.007292 0.009259
1 0.469271 0.557870 0.004167 0.006481
1 0.450000 0.558796 0.005208 0.006481
1 0.461719 0.551852 0.003646 0.005556
1 0.444271 0.559259 0.004167 0.007407
1 0.353906 0.588889 0.006771 0.007407
1 0.467187 0.550926 0.004167 0.005556
1 0.458594 0.557407 0.003646 0.005556
1 0.473958 0.550926 0.004167 0.005556
1 0.450521 0.551852 0.004167 0.005556
1 0.455208 0.556019 0.004167 0.006481
2 0.490625 0.475000 0.008333 0.048148
1 0.462240 0.558333 0.003646 0.005556
2 0.494792 0.485185 0.010417 0.012963
2 0.478906 0.477778 0.010937 0.033333
1 0.348698 0.592130 0.011979 0.010185
1 0.519271 0.573611 0.008333 0.019444
2 0.555990 0.422222 0.005729 0.009259
2 0.571354 0.487037 0.032292 0.040741
2 0.648177 0.418519 0.007812 0.005556
2 0.588802 0.515278 0.023438 0.041667
0 0.570052 0.579167 0.002604 0.010185
2 0.526823 0.481481 0.018229 0.029630
2 0.638542 0.558796 0.014583 0.041667
2 0.602604 0.549537 0.014583 0.041667
2 0.581250 0.545370 0.010417 0.033333
2 0.575000 0.549074 0.010417 0.033333
0 0.733333 0.543519 0.002083 0.005556
1 0.128906 0.661111 0.015104 0.012963
1 0.163802 0.652315 0.015104 0.012037
1 0.283854 0.846296 0.014583 0.024074
1 0.267969 0.887500 0.013021 0.012037
1 0.176042 0.647685 0.014583 0.013889
1 0.293490 0.668519 0.016146 0.009259
1 0.294271 0.672222 0.013542 0.011111
1 0.314063 0.610185 0.007292 0.016667
1 0.333333 0.599537 0.012500 0.010185
1 0.323177 0.613426 0.006771 0.010185
1 0.234375 0.792130 0.010417 0.017593
1 0.508073 0.890278 0.034896 0.025000
1 0.502344 0.875463 0.036979 0.021296
1 0.492448 0.865741 0.028646 0.022222
1 0.486719 0.853704 0.031771 0.027778
1 0.431250 0.766667 0.012500 0.016667
1 0.444271 0.764352 0.013542 0.019444
1 0.470833 0.758333 0.013542 0.018519
1 0.490885 0.791204 0.016146 0.021296
0 0.431250 0.837963 0.004167 0.016667
1 0.363281 0.597685 0.006771 0.008333
1 0.526563 0.815278 0.015625 0.019444
1 0.604948 0.789352 0.023438 0.032407
1 0.595052 0.757407 0.025521 0.020370
1 0.595313 0.769444 0.017708 0.018519
0 0.510677 0.833333 0.003646 0.018519
1 0.540885 0.812500 0.018229 0.021296
1 0.517188 0.787500 0.015625 0.023148
0 0.584635 0.661111 0.002604 0.011111
0 0.532292 0.824537 0.004167 0.013889
0 0.539062 0.600926 0.002083 0.009259
0 0.609635 0.854630 0.003646 0.012963
0 0.638802 0.596759 0.003646 0.006481
0 0.554427 0.869907 0.004687 0.021296
0 0.612760 0.693981 0.002604 0.010185
0 0.656510 0.719444 0.002604 0.009259
0 0.614844 0.693981 0.002604 0.010185
0 0.586719 0.661111 0.002604 0.011111
0 0.832812 0.888889 0.006250 0.024074
0 0.827083 0.888426 0.006250 0.023148
0 0.725000 0.801389 0.004167 0.019444
0 0.753125 0.837037 0.004167 0.012963
0 0.791406 0.847685 0.003646 0.015741
0 0.788542 0.847222 0.004167 0.014815
0 0.723437 0.780556 0.003125 0.014815
0 0.728125 0.781019 0.003125 0.012037
0 0.749740 0.833796 0.003646 0.012037
0 0.812500 0.861111 0.005208 0.022222
0 0.892969 0.856481 0.005729 0.020370
0 0.922917 0.863889 0.007292 0.016667
0 0.901042 0.699074 0.003125 0.011111
0 0.898438 0.698148 0.003125 0.012963
0 0.879687 0.660185 0.004167 0.012963
0 0.926823 0.668519 0.003646 0.012963
0 0.875781 0.658333 0.002604 0.011111
0 0.907292 0.698611 0.003125 0.012037
0 0.931510 0.669907 0.002604 0.013889
0 0.846094 0.602315 0.002604 0.008333
0 0.840365 0.596759 0.002604 0.006481
0 0.871094 0.642593 0.003646 0.012963
0 0.848437 0.610185 0.003125 0.007407
0 0.946354 0.666667 0.004167 0.009259
0 0.926823 0.689815 0.003646 0.011111
1 0.007292 0.965741 0.013542 0.046296
1 0.514062 0.900000 0.032292 0.018519
1 0.337760 0.934259 0.007812 0.027778
1 0.542188 0.952778 0.034375 0.035185
1 0.535417 0.941204 0.028125 0.025000
1 0.533854 0.932407 0.032292 0.024074
1 0.526563 0.922685 0.035417 0.025000
1 0.517188 0.912500 0.029167 0.025000
1 0.610156 0.981481 0.019271 0.035185
1 0.726823 0.965741 0.027604 0.051852
1 0.736198 0.956944 0.022396 0.034259
0 0.698698 0.959259 0.005729 0.022222
1 0.753906 0.953704 0.024479 0.031481
1 0.771875 0.950000 0.025000 0.027778
0 0.855729 0.914815 0.004167 0.024074
0 0.886198 0.919907 0.004687 0.017593
0 0.867969 0.903241 0.005729 0.015741
0 0.880729 0.927778 0.004167 0.020370
0 0.875781 0.928241 0.005729 0.017593
0 0.864062 0.899537 0.005208 0.015741
0 0.863281 0.918981 0.005729 0.023148
0 0.910156 0.939815 0.005729 0.018519
0 0.852344 0.915741 0.004687 0.025926
0 0.859375 0.921296 0.004167 0.022222
0 0.868490 0.902778 0.004687 0.016667
0 0.869271 0.924537 0.004167 0.023148
0 0.892708 0.930556 0.006250 0.011111
0 0.616146 0.859722 0.005208 0.021296
