2 0.983333 0.525463 0.019792 0.052778
2 0.956510 0.537037 0.024479 0.055556
1 0.957552 0.581019 0.004687 0.006481
1 0.976562 0.578241 0.005208 0.008333
1 0.976302 0.569907 0.004687 0.006481
1 0.983333 0.569907 0.005208 0.006481
1 0.961458 0.575926 0.005208 0.007407
1 0.992708 0.579630 0.006250 0.007407
1 0.990365 0.571759 0.004687 0.006481
1 0.872656 0.589352 0.006771 0.006481
1 0.954948 0.568519 0.005729 0.009259
1 0.950260 0.578704 0.007812 0.009259
1 0.867708 0.589352 0.006250 0.006481
1 0.969531 0.574074 0.005729 0.011111
1 0.861719 0.590278 0.005729 0.004630
1 0.943750 0.580093 0.007292 0.008333
1 0.935937 0.569444 0.005208 0.007407
1 0.996615 0.569444 0.006771 0.009259
1 0.983854 0.579167 0.005208 0.006481
1 0.963281 0.568056 0.004687 0.006481
1 0.970052 0.566667 0.005729 0.005556
1 0.079427 0.743519 0.021354 0.016667
1 0.071354 0.739815 0.011458 0.012963
1 0.276042 0.861111 0.020833 0.025926
1 0.250521 0.782407 0.012500 0.018519
1 0.264583 0.778704 0.020833 0.025926
1 0.503906 0.629167 0.011979 0.013889
1 0.503385 0.616204 0.015104 0.015741
1 0.480469 0.832870 0.020313 0.019444
1 0.514844 0.881944 0.018229 0.039815
1 0.619792 0.637037 0.012500 0.011111
1 0.642969 0.634722 0.011979 0.010185
1 0.672396 0.630093 0.014583 0.013889
1 0.632031 0.635648 0.011979 0.010185
1 0.661458 0.633333 0.009375 0.009259
1 0.652865 0.635185 0.009896 0.009259
1 0.683333 0.639815 0.010417 0.012963
1 0.693750 0.637963 0.010417 0.011111
1 0.769010 0.847222 0.014063 0.022222
1 0.764323 0.886574 0.028646 0.028704
1 0.773177 0.625926 0.007812 0.011111
1 0.764844 0.628241 0.007812 0.012037
1 0.754427 0.629630 0.007812 0.011111
1 0.723437 0.780556 0.011458 0.018519
1 0.790885 0.624537 0.007812 0.008333
1 0.755729 0.619907 0.009375 0.008333
1 0.744531 0.629167 0.010937 0.013889
1 0.765104 0.617593 0.009375 0.009259
1 0.819531 0.606944 0.009896 0.010185
1 0.795573 0.611574 0.010937 0.012037
1 0.736979 0.781481 0.011458 0.022222
1 0.774219 0.616667 0.008854 0.007407
1 0.784896 0.615741 0.013542 0.009259
1 0.787240 0.668981 0.014063 0.012037
1 0.736458 0.627778 0.008333 0.016667
1 0.788021 0.673611 0.013542 0.010185
1 0.801823 0.623611 0.007812 0.006481
1 0.811719 0.607407 0.009896 0.009259
1 0.803385 0.612037 0.009896 0.009259
1 0.782552 0.625463 0.007812 0.008333
1 0.936719 0.804630 0.015104 0.024074
1 0.952344 0.807407 0.017188 0.024074
1 0.971354 0.857870 0.033333 0.026852
1 0.984896 0.809259 0.018750 0.024074
1 0.865365 0.606481 0.007812 0.011111
1 0.855208 0.596759 0.007292 0.006481
1 0.858073 0.607870 0.007812 0.008333
1 0.851823 0.598611 0.009896 0.008333
1 0.864844 0.596296 0.007812 0.005556
1 0.843490 0.600926 0.010937 0.009259
0 0.942187 0.903241 0.006250 0.023148
1 0.993750 0.935185 0.011458 0.024074
0 0.934635 0.907870 0.005729 0.021296
1 0.990625 0.918056 0.018750 0.026852
1 0.827604 0.605556 0.008333 0.011111
1 0.834896 0.604630 0.008333 0.011111
1 0.892188 0.512500 0.008333 0.013889
