0 0.535937 0.295833 0.003125 0.012037
0 0.538542 0.296759 0.003125 0.010185
1 0.130729 0.502778 0.026042 0.027778
1 0.155729 0.554167 0.014583 0.023148
1 0.116927 0.581944 0.024479 0.037963
1 0.147396 0.564352 0.011458 0.019444
1 0.157812 0.498148 0.012500 0.016667
1 0.079948 0.474074 0.027604 0.046296
0 0.151042 0.575463 0.004167 0.019444
0 0.165885 0.506481 0.003646 0.018519
0 0.048177 0.581019 0.004687 0.023148
0 0.080208 0.583333 0.005208 0.018519
2 0.289062 0.509722 0.058333 0.121296
2 0.321615 0.400463 0.051562 0.119444
1 0.274219 0.379167 0.007812 0.012037
1 0.228125 0.526852 0.021875 0.050000
1 0.308073 0.367593 0.028646 0.020370
2 0.321094 0.497685 0.027604 0.032407
1 0.297135 0.376852 0.007812 0.009259
1 0.288021 0.368056 0.008333 0.012037
1 0.285417 0.377315 0.006250 0.010185
0 0.215885 0.514352 0.004687 0.017593
1 0.331510 0.378241 0.007812 0.012037
2 0.265885 0.581944 0.080729 0.215741
2 0.335156 0.592130 0.074479 0.199074
2 0.499740 0.633333 0.126562 0.098148
2 0.465365 0.464352 0.026562 0.039815
2 0.424740 0.461574 0.033854 0.019444
2 0.419271 0.404167 0.034375 0.084259
2 0.471875 0.378704 0.048958 0.155556
2 0.365365 0.425463 0.010937 0.013889
2 0.388802 0.423611 0.010937 0.015741
2 0.377865 0.425926 0.011979 0.012963
1 0.458854 0.364352 0.019792 0.013889
1 0.404948 0.376852 0.008854 0.014815
1 0.342187 0.365741 0.009375 0.011111
1 0.394792 0.363426 0.014583 0.013889
1 0.377865 0.376852 0.008854 0.011111
1 0.352865 0.377315 0.007812 0.010185
1 0.385417 0.369444 0.017708 0.014815
1 0.438802 0.375463 0.017188 0.012037
1 0.365104 0.371296 0.018750 0.012963
1 0.342187 0.377778 0.007292 0.009259
1 0.437760 0.363889 0.018229 0.012963
1 0.363281 0.377315 0.009896 0.010185
1 0.368750 0.362500 0.014583 0.010185
1 0.383073 0.374074 0.017188 0.012963
2 0.339583 0.444444 0.011458 0.055556
0 0.510677 0.358796 0.002604 0.012037
0 0.509115 0.359259 0.002604 0.011111
2 0.620313 0.625463 0.070833 0.139815
2 0.666927 0.423148 0.138021 0.150000
2 0.851042 0.556944 0.112500 0.141667
0 0.109896 0.617593 0.004167 0.022222
1 0.043490 0.751852 0.043229 0.027778
1 0.083594 0.712037 0.019271 0.031481
1 0.052604 0.636111 0.015625 0.020370
0 0.058594 0.731481 0.007812 0.018519
0 0.014063 0.712037 0.006250 0.027778
0 0.073698 0.743519 0.004687 0.022222
0 0.164583 0.738889 0.007292 0.031481
0 0.009375 0.659259 0.006250 0.022222
0 0.005469 0.702315 0.004687 0.017593
0 0.130208 0.739815 0.004167 0.027778
0 0.140104 0.739815 0.005208 0.027778
0 0.084115 0.733333 0.006771 0.020370
0 0.067448 0.739352 0.005729 0.025000
0 0.126562 0.743519 0.005208 0.027778
0 0.151302 0.746296 0.004687 0.029630
0 0.055990 0.700000 0.005729 0.029630
0 0.155729 0.743519 0.005208 0.033333
0 0.064323 0.703704 0.005729 0.027778
0 0.144792 0.739815 0.005208 0.027778
1 0.004167 0.609259 0.007292 0.018519
0 0.020052 0.696759 0.005729 0.026852
1 0.285677 0.715741 0.021354 0.031481
0 0.295573 0.695370 0.004687 0.025926
1 0.340104 0.706019 0.015625 0.023148
1 0.305729 0.734722 0.025000 0.028704
1 0.242188 0.866667 0.023958 0.031481
1 0.251042 0.735648 0.021875 0.026852
1 0.275260 0.860648 0.018229 0.032407
1 0.249479 0.694907 0.015625 0.026852
1 0.322135 0.694444 0.015104 0.024074
1 0.230469 0.734259 0.024479 0.031481
1 0.272917 0.694444 0.015625 0.024074
1 0.309896 0.716204 0.018750 0.017593
1 0.276042 0.736574 0.026042 0.026852
1 0.224479 0.697222 0.014583 0.024074
1 0.310937 0.703704 0.014583 0.012963
1 0.333594 0.713889 0.017188 0.020370
0 0.315625 0.770833 0.005208 0.026852
0 0.207031 0.724074 0.004687 0.029630
0 0.291406 0.683796 0.004687 0.023148
0 0.314063 0.760648 0.004167 0.021296
1 0.284635 0.702778 0.014063 0.014815
0 0.326302 0.721296 0.004687 0.014815
1 0.300000 0.692593 0.016667 0.025926
1 0.349740 0.690741 0.017188 0.025926
1 0.359375 0.706481 0.018750 0.022222
1 0.378125 0.737037 0.022917 0.029630
1 0.378125 0.716204 0.017708 0.021296
1 0.374219 0.690741 0.016146 0.025926
1 0.384115 0.707407 0.016146 0.024074
1 0.397656 0.688889 0.016146 0.029630
0 0.386979 0.667130 0.005208 0.015741
1 0.544271 0.763889 0.027083 0.027778
1 0.526042 0.734722 0.017708 0.019444
1 0.533594 0.710185 0.018229 0.031481
1 0.527604 0.693056 0.013542 0.012037
1 0.533073 0.687500 0.016146 0.019444
0 0.650000 0.842130 0.007292 0.030556
0 0.583333 0.720833 0.005208 0.026852
0 0.580208 0.743056 0.005208 0.023148
0 0.638542 0.839815 0.009375 0.035185
0 0.597917 0.769907 0.006250 0.026852
0 0.561719 0.737963 0.005729 0.027778
0 0.646615 0.750926 0.005729 0.027778
0 0.635677 0.806944 0.006771 0.030556
0 0.594531 0.743981 0.004687 0.021296
0 0.589844 0.767593 0.005729 0.024074
0 0.577344 0.721296 0.006771 0.029630
0 0.636979 0.747685 0.007292 0.032407
0 0.578125 0.765741 0.006250 0.027778
0 0.575521 0.728241 0.005208 0.025000
0 0.625521 0.808333 0.006250 0.027778
0 0.606250 0.779167 0.005208 0.026852
0 0.586719 0.765278 0.005729 0.032407
0 0.688281 0.826389 0.004687 0.028704
0 0.692448 0.830556 0.004687 0.033333
0 0.685156 0.859722 0.004687 0.021296
0 0.688021 0.863889 0.004167 0.020370
0 0.693490 0.749537 0.005729 0.012037
0 0.697396 0.750000 0.006250 0.011111
0 0.696354 0.791667 0.006250 0.014815
2 0.784115 0.701389 0.052604 0.162037
2 0.793490 0.704630 0.052604 0.135185
2 0.821094 0.657870 0.053646 0.128704
2 0.912500 0.689352 0.059375 0.145370
2 0.913802 0.685648 0.059896 0.139815
1 0.525260 0.984259 0.045312 0.031481
0 0.657292 0.925000 0.009375 0.042593
0 0.666146 0.897685 0.008333 0.036111
0 0.697917 0.965278 0.010417 0.037963
0 0.689583 0.963889 0.008333 0.040741
0 0.680729 0.926852 0.008333 0.038889
0 0.680729 0.990741 0.008333 0.016667
0 0.687240 0.796759 0.009896 0.023148
