2 0.142448 0.266667 0.010937 0.007407
2 0.443229 0.324074 0.004167 0.014815
2 0.644010 0.567130 0.025521 0.078704
0 0.632812 0.564352 0.003125 0.015741
0 0.628646 0.565741 0.003125 0.014815
0 0.557292 0.577778 0.004167 0.011111
0 0.564844 0.549537 0.003646 0.013889
0 0.561719 0.576389 0.002604 0.012037
0 0.580729 0.555093 0.003125 0.012037
0 0.529948 0.521759 0.003646 0.008333
0 0.608073 0.556019 0.004687 0.021296
0 0.563281 0.577315 0.003646 0.013889
2 0.746615 0.354167 0.004687 0.021296
2 0.696354 0.544444 0.017708 0.072222
0 0.751302 0.506944 0.002604 0.012037
2 0.711198 0.528704 0.019271 0.066667
0 0.679427 0.566667 0.003646 0.014815
0 0.756510 0.497222 0.002604 0.009259
0 0.675781 0.565741 0.003646 0.016667
0 0.755469 0.508796 0.002604 0.010185
0 0.771354 0.494444 0.003125 0.011111
0 0.758854 0.498148 0.002083 0.007407
0 0.687240 0.558333 0.003646 0.005556
2 0.678125 0.551852 0.028125 0.079630
0 0.763021 0.516204 0.004167 0.008333
0 0.794271 0.499537 0.003125 0.010185
0 0.874219 0.461574 0.002604 0.010185
0 0.877604 0.459722 0.003125 0.010185
0 0.890885 0.449537 0.002604 0.008333
0 0.902083 0.448148 0.002083 0.009259
0 0.906771 0.447222 0.003125 0.009259
0 0.935677 0.433333 0.002604 0.009259
0 0.956771 0.424074 0.003125 0.009259
0 0.958594 0.424074 0.002604 0.007407
0 0.961979 0.336574 0.002083 0.006481
0 0.988802 0.351389 0.002604 0.008333
0 0.041146 0.736574 0.006250 0.019444
0 0.105729 0.754167 0.006250 0.010185
0 0.122396 0.893519 0.006250 0.025926
0 0.097396 0.750926 0.004167 0.012963
0 0.085156 0.762037 0.004687 0.011111
0 0.105208 0.893981 0.006250 0.023148
0 0.078646 0.764352 0.004167 0.010185
0 0.100521 0.890278 0.004167 0.015741
0 0.122656 0.713426 0.003646 0.019444
0 0.126042 0.712037 0.004167 0.020370
2 0.240625 0.815741 0.022917 0.022222
0 0.258594 0.847685 0.005729 0.017593
0 0.280469 0.844444 0.006771 0.031481
0 0.312240 0.809722 0.004687 0.013889
0 0.315104 0.808796 0.005208 0.015741
0 0.310677 0.706944 0.004687 0.010185
0 0.297396 0.732407 0.006250 0.011111
0 0.291927 0.734259 0.004687 0.009259
0 0.364583 0.659259 0.004167 0.011111
0 0.423177 0.750463 0.005729 0.023148
0 0.462240 0.708333 0.004687 0.011111
0 0.439323 0.721296 0.003646 0.011111
0 0.468750 0.705556 0.005208 0.011111
0 0.473438 0.626389 0.004167 0.017593
0 0.347917 0.786574 0.004167 0.012037
0 0.435156 0.723148 0.004687 0.012963
0 0.477865 0.628241 0.005729 0.015741
0 0.389062 0.749537 0.003125 0.012037
0 0.392708 0.745833 0.004167 0.013889
0 0.428646 0.749537 0.004167 0.013889
0 0.465885 0.706944 0.002604 0.010185
0 0.400000 0.743519 0.004167 0.011111
0 0.468750 0.734259 0.006250 0.014815
0 0.482552 0.648148 0.003646 0.014815
0 0.484896 0.700000 0.005208 0.007407
0 0.393490 0.749074 0.003646 0.009259
0 0.609375 0.607407 0.004167 0.016667
0 0.576562 0.657407 0.003125 0.011111
0 0.598177 0.614352 0.003646 0.017593
0 0.615625 0.609722 0.004167 0.015741
0 0.509896 0.612037 0.003125 0.007407
0 0.506510 0.612500 0.003646 0.008333
0 0.581771 0.656481 0.003125 0.009259
0 0.572656 0.658796 0.003646 0.006481
0 0.579427 0.660185 0.002604 0.007407
0 0.595833 0.633796 0.005208 0.012037
0 0.102344 0.901852 0.004687 0.014815
0 0.167448 0.943981 0.005729 0.030556
0 0.165885 0.922222 0.009896 0.020370
0 0.060677 0.956019 0.008854 0.026852
0 0.067969 0.954167 0.006771 0.023148
0 0.103125 0.930093 0.007292 0.028704
0 0.027083 0.961574 0.005208 0.019444
0 0.053906 0.959722 0.006771 0.025000
0 0.118490 0.905093 0.005729 0.010185
0 0.024740 0.962963 0.004687 0.018519
0 0.003125 0.955093 0.005208 0.021296
0 0.110937 0.908796 0.005208 0.010185
