1 0.067708 0.619907 0.009375 0.012037
1 0.083594 0.599537 0.008854 0.010185
1 0.068490 0.606944 0.013021 0.012037
1 0.061458 0.606019 0.012500 0.010185
1 0.336979 0.773611 0.015625 0.019444
1 0.187760 0.731481 0.016146 0.016667
1 0.362240 0.851852 0.021354 0.025926
1 0.361979 0.792130 0.023958 0.021296
1 0.352865 0.772222 0.020313 0.025926
1 0.342969 0.685185 0.013021 0.012963
1 0.589583 0.630556 0.013542 0.012963
1 0.653125 0.647685 0.015625 0.013889
1 0.564323 0.833333 0.021354 0.022222
1 0.597917 0.883796 0.018750 0.041667
1 0.611979 0.891667 0.018750 0.035185
1 0.718229 0.640741 0.015625 0.012963
1 0.761719 0.638426 0.014063 0.012037
1 0.786979 0.788889 0.012500 0.022222
1 0.800260 0.790741 0.010937 0.018519
1 0.813802 0.792130 0.011979 0.017593
1 0.783854 0.645370 0.011458 0.012963
1 0.827083 0.629630 0.015625 0.016667
1 0.866927 0.625463 0.015104 0.012037
1 0.895573 0.620833 0.014063 0.012037
1 0.907292 0.618519 0.012500 0.011111
1 0.908594 0.629630 0.007812 0.011111
1 0.917448 0.628241 0.007812 0.012037
1 0.863281 0.884722 0.030729 0.030556
1 0.861979 0.862500 0.015625 0.017593
1 0.878125 0.632870 0.007292 0.012037
1 0.965885 0.606944 0.008854 0.010185
1 0.886979 0.700000 0.013542 0.011111
1 0.947656 0.612037 0.013021 0.009259
1 0.957552 0.608796 0.006771 0.008333
1 0.919792 0.617130 0.013542 0.010185
1 0.017448 0.943056 0.031771 0.036111
1 0.251302 0.984722 0.028646 0.028704
0 0.842187 0.907407 0.004167 0.018519
0 0.853125 0.912963 0.004167 0.020370
1 0.046094 0.606944 0.011979 0.012037
