2 0.543490 0.531019 0.020313 0.034259
2 0.597917 0.537037 0.066667 0.035185
2 0.582292 0.504630 0.015625 0.025926
2 0.564844 0.508333 0.017188 0.035185
1 0.541146 0.563426 0.006250 0.008333
2 0.648177 0.488889 0.034896 0.024074
1 0.565885 0.554167 0.004687 0.006481
1 0.546615 0.553241 0.004687 0.006481
2 0.693229 0.522222 0.022917 0.031481
1 0.141146 0.884259 0.022917 0.022222
1 0.101823 0.642593 0.016146 0.012963
1 0.104688 0.660648 0.012500 0.012037
1 0.083073 0.889352 0.023438 0.019444
1 0.318229 0.780093 0.010417 0.019444
1 0.405729 0.681019 0.014583 0.010185
1 0.387760 0.836574 0.011979 0.021296
1 0.353385 0.780093 0.007812 0.021296
1 0.399219 0.658796 0.015104 0.010185
1 0.399219 0.667130 0.014063 0.010185
1 0.605469 0.790278 0.019271 0.032407
1 0.653125 0.786111 0.017708 0.022222
1 0.573438 0.761111 0.013542 0.018519
1 0.546615 0.764815 0.014063 0.024074
1 0.621615 0.792593 0.013021 0.024074
1 0.533854 0.768519 0.013542 0.018519
1 0.613021 0.630556 0.009375 0.007407
1 0.610156 0.627315 0.011979 0.008333
1 0.539323 0.595833 0.006771 0.008333
1 0.689583 0.782407 0.016667 0.020370
1 0.126302 0.934722 0.021354 0.041667
1 0.143490 0.937500 0.016146 0.037963
1 0.643750 0.960648 0.033333 0.036111
1 0.636198 0.950926 0.029687 0.027778
