1 0.017708 0.557870 0.010417 0.010185
1 0.162760 0.725463 0.018229 0.015741
1 0.074479 0.607407 0.010417 0.011111
1 0.061198 0.607870 0.009896 0.010185
1 0.042708 0.599074 0.011458 0.011111
1 0.049479 0.604630 0.012500 0.012963
1 0.339583 0.772222 0.031250 0.024074
1 0.338281 0.683796 0.016146 0.012037
1 0.335938 0.772685 0.004167 0.019444
1 0.346615 0.678241 0.011979 0.010185
1 0.354427 0.675000 0.009896 0.009259
1 0.591146 0.884722 0.020833 0.039815
1 0.557292 0.834722 0.018750 0.019444
1 0.582031 0.630556 0.011979 0.011111
1 0.582552 0.617593 0.013021 0.014815
1 0.779427 0.787500 0.013021 0.023148
1 0.805208 0.792130 0.012500 0.017593
1 0.854167 0.861574 0.014583 0.023148
1 0.963281 0.608796 0.010937 0.012037
1 0.873177 0.682407 0.017188 0.011111
1 0.872917 0.677315 0.017708 0.010185
1 0.878906 0.698611 0.017188 0.010185
1 0.030729 0.951852 0.040625 0.053704
1 0.581510 0.613889 0.014063 0.012963
