1 0.347396 0.592130 0.013542 0.010185
2 0.434896 0.530093 0.029167 0.045370
2 0.480729 0.469444 0.011458 0.048148
1 0.368490 0.581019 0.007812 0.008333
2 0.489323 0.470370 0.008854 0.044444
1 0.356510 0.587037 0.006771 0.009259
2 0.452083 0.468981 0.014583 0.041667
1 0.446094 0.563426 0.005729 0.008333
2 0.495833 0.536111 0.062500 0.033333
2 0.494792 0.484722 0.008333 0.019444
1 0.363281 0.584722 0.005729 0.008333
2 0.639323 0.558333 0.015104 0.040741
2 0.602344 0.547222 0.015104 0.040741
2 0.572135 0.557407 0.015104 0.037037
2 0.576823 0.549074 0.015104 0.037037
2 0.585156 0.517593 0.026562 0.037037
2 0.520833 0.485185 0.035417 0.038889
2 0.806771 0.582870 0.013542 0.012037
0 0.736979 0.565278 0.003125 0.008333
0 0.740365 0.564815 0.003646 0.009259
1 0.282292 0.846296 0.014583 0.024074
1 0.207813 0.796296 0.014583 0.022222
1 0.233854 0.792593 0.012500 0.020370
1 0.238802 0.630556 0.015104 0.012963
1 0.294010 0.673148 0.016146 0.011111
1 0.296615 0.687037 0.011979 0.012963
1 0.314063 0.616667 0.006250 0.009259
1 0.292969 0.667593 0.016146 0.011111
1 0.292969 0.663889 0.016146 0.011111
1 0.511719 0.900926 0.046354 0.051852
1 0.497396 0.867593 0.028125 0.024074
1 0.486979 0.852778 0.033333 0.031481
1 0.470313 0.758796 0.014583 0.021296
1 0.443750 0.765741 0.014583 0.022222
1 0.430469 0.767593 0.014063 0.020370
0 0.458594 0.871296 0.004687 0.022222
0 0.463802 0.871296 0.005729 0.022222
1 0.496875 0.607407 0.005208 0.012963
1 0.434635 0.596759 0.005729 0.006481
1 0.509896 0.881019 0.018750 0.013889
1 0.515104 0.788426 0.016667 0.025000
1 0.528125 0.785648 0.014583 0.019444
1 0.570833 0.775926 0.017708 0.018519
1 0.595833 0.771759 0.017708 0.019444
1 0.582552 0.803704 0.017188 0.020370
1 0.570312 0.806019 0.012500 0.021296
1 0.556250 0.807407 0.025000 0.035185
0 0.593750 0.784259 0.006250 0.018519
1 0.609115 0.854630 0.010937 0.012963
1 0.605469 0.850926 0.010937 0.012963
0 0.637240 0.715741 0.003646 0.014815
0 0.634115 0.715741 0.003646 0.014815
0 0.760938 0.831019 0.005208 0.023148
0 0.767708 0.830556 0.004167 0.018519
0 0.859896 0.800463 0.005208 0.019444
0 0.901302 0.687963 0.004687 0.016667
0 0.871875 0.801852 0.004167 0.014815
1 0.018490 0.969907 0.022396 0.039815
1 0.028125 0.911111 0.007292 0.024074
1 0.006510 0.967130 0.011979 0.047222
1 0.498437 0.908333 0.002083 0.037037
1 0.666146 0.973148 0.029167 0.051852
1 0.541146 0.953241 0.033333 0.036111
1 0.534635 0.942130 0.029687 0.026852
1 0.531510 0.932407 0.026562 0.024074
1 0.724219 0.965278 0.023438 0.032407
1 0.771875 0.947685 0.027083 0.037963
0 0.977604 0.989815 0.006250 0.018519
0 0.970573 0.991667 0.006771 0.016667
