2 0.423438 0.506481 0.019792 0.035185
2 0.462500 0.482870 0.015625 0.028704
2 0.478385 0.512037 0.063021 0.033333
2 0.445052 0.481481 0.017188 0.031481
1 0.419271 0.571296 0.006250 0.009259
1 0.421875 0.538426 0.006250 0.008333
1 0.446354 0.527778 0.004167 0.005556
1 0.426563 0.528704 0.004167 0.005556
1 0.370833 0.554167 0.006250 0.010185
2 0.526823 0.460185 0.033854 0.033333
2 0.573177 0.497685 0.024479 0.026852
2 0.643229 0.468981 0.005208 0.032407
2 0.703646 0.408333 0.011458 0.014815
1 0.008594 0.888426 0.016146 0.021296
1 0.232552 0.767130 0.009896 0.023148
1 0.277865 0.641667 0.015104 0.011111
1 0.194792 0.771296 0.011458 0.020370
1 0.269010 0.823148 0.011979 0.022222
1 0.285156 0.665278 0.014063 0.012037
1 0.278646 0.650463 0.014583 0.010185
1 0.455729 0.734259 0.013542 0.018519
1 0.487500 0.762500 0.019792 0.032407
1 0.429167 0.739815 0.014583 0.024074
1 0.493750 0.604167 0.010417 0.008333
1 0.491146 0.600000 0.011458 0.007407
1 0.570052 0.750926 0.016146 0.020370
1 0.535156 0.757407 0.017188 0.024074
1 0.505208 0.762963 0.009375 0.024074
0 0.515885 0.810648 0.005729 0.023148
0 0.542188 0.605556 0.002083 0.009259
0 0.539062 0.605556 0.003125 0.011111
0 0.803125 0.856944 0.005208 0.019444
1 0.007812 0.953704 0.014583 0.046296
1 0.527865 0.927778 0.033854 0.033333
1 0.520833 0.917130 0.027083 0.028704
