1 0.902083 0.504167 0.006250 0.008333
2 0.950521 0.555556 0.029167 0.029630
2 0.983854 0.525000 0.026042 0.064815
1 0.963281 0.576852 0.005729 0.007407
2 0.957292 0.544907 0.021875 0.036111
1 0.896094 0.513426 0.008854 0.013889
1 0.077083 0.742593 0.019792 0.018519
1 0.082031 0.801852 0.022396 0.029630
1 0.276823 0.862500 0.021354 0.025000
1 0.265625 0.781944 0.020833 0.023148
1 0.250521 0.782407 0.012500 0.018519
1 0.256510 0.694444 0.017188 0.012963
1 0.185156 0.709259 0.010937 0.011111
1 0.269792 0.687037 0.012500 0.009259
1 0.481250 0.835648 0.020833 0.019444
1 0.503646 0.630556 0.012500 0.012963
1 0.514583 0.882407 0.019792 0.042593
1 0.528646 0.890278 0.018750 0.036111
1 0.770052 0.849537 0.013021 0.025000
1 0.723437 0.781481 0.011458 0.022222
1 0.790104 0.676389 0.019792 0.010185
1 0.789583 0.671296 0.019792 0.009259
1 0.788542 0.666204 0.018750 0.010185
1 0.793229 0.690278 0.016667 0.010185
1 0.936979 0.807870 0.015625 0.023148
1 0.953906 0.810185 0.016146 0.024074
1 0.986198 0.811574 0.018229 0.026852
1 0.849219 0.601852 0.015104 0.011111
1 0.861979 0.598611 0.014583 0.010185
1 0.949219 0.618056 0.008854 0.010185
1 0.991146 0.923611 0.017708 0.032407
