2 0.992708 0.555556 0.013542 0.027778
1 0.977344 0.573611 0.013021 0.012037
1 0.944010 0.514815 0.010937 0.012963
1 0.123958 0.734722 0.019792 0.019444
1 0.317708 0.856481 0.019792 0.025926
1 0.306250 0.775926 0.021875 0.025926
1 0.291927 0.778241 0.015104 0.021296
1 0.298177 0.689352 0.016146 0.013889
1 0.228385 0.703241 0.009896 0.010185
1 0.311198 0.682407 0.011979 0.009259
1 0.554688 0.881481 0.020833 0.040741
1 0.568490 0.888889 0.018229 0.033333
1 0.520833 0.833796 0.020833 0.023148
1 0.544792 0.630093 0.011458 0.012037
1 0.577604 0.843519 0.006250 0.022222
1 0.813021 0.855556 0.013542 0.025926
1 0.739583 0.783333 0.013542 0.022222
1 0.765625 0.786111 0.011458 0.018519
1 0.836979 0.694444 0.016667 0.014815
1 0.777604 0.626852 0.014583 0.012963
1 0.985677 0.816667 0.016146 0.024074
1 0.895573 0.606019 0.016146 0.012037
1 0.832812 0.670833 0.017708 0.013889
1 0.832292 0.676852 0.017708 0.016667
1 0.834896 0.680093 0.020833 0.015741
1 0.992708 0.686574 0.014583 0.017593
1 0.205469 0.991204 0.027604 0.015741
