2 0.030729 0.563889 0.023958 0.038889
2 0.076563 0.532870 0.017708 0.036111
2 0.150260 0.505556 0.038021 0.024074
2 0.037240 0.549074 0.020313 0.042593
1 0.034896 0.581944 0.005208 0.006481
1 0.072917 0.575926 0.005208 0.007407
1 0.050000 0.580556 0.005208 0.007407
1 0.058333 0.579167 0.004167 0.006481
1 0.113802 0.573611 0.004687 0.006481
1 0.039583 0.585185 0.006250 0.009259
1 0.061458 0.583333 0.004167 0.005556
1 0.065885 0.578241 0.003646 0.006481
1 0.066927 0.585648 0.004687 0.006481
1 0.028385 0.594444 0.006771 0.009259
1 0.043229 0.593056 0.008333 0.008333
1 0.037240 0.591204 0.006771 0.002778
0 0.295052 0.576389 0.002604 0.006481
0 0.302083 0.595833 0.003125 0.008333
0 0.264323 0.533333 0.002604 0.005556
0 0.229687 0.589815 0.002083 0.009259
0 0.187760 0.594444 0.003646 0.009259
2 0.202344 0.531944 0.022396 0.032407
0 0.435937 0.589815 0.002083 0.011111
0 0.404167 0.564815 0.002083 0.007407
0 0.401042 0.563889 0.002083 0.007407
0 0.389583 0.559259 0.002083 0.007407
0 0.387500 0.557407 0.002083 0.007407
0 0.385937 0.559722 0.002083 0.006481
0 0.362760 0.542130 0.002604 0.008333
2 0.382292 0.418056 0.007292 0.008333
2 0.431771 0.416667 0.005208 0.005556
0 0.346354 0.530556 0.002083 0.005556
0 0.443229 0.587963 0.002083 0.007407
0 0.441667 0.589815 0.003125 0.011111
0 0.439063 0.587037 0.002083 0.007407
0 0.166406 0.606944 0.002604 0.008333
0 0.144531 0.662037 0.003646 0.007407
1 0.072396 0.868056 0.035417 0.034259
1 0.113802 0.829167 0.022396 0.034259
1 0.076042 0.807407 0.015625 0.020370
1 0.113802 0.655556 0.014063 0.012963
1 0.043490 0.817593 0.018229 0.027778
1 0.132031 0.827315 0.015104 0.025000
1 0.167187 0.812037 0.019792 0.025926
0 0.091667 0.878704 0.005208 0.020370
1 0.027083 0.631019 0.007292 0.010185
1 0.035937 0.593981 0.008333 0.008333
0 0.333073 0.766667 0.002604 0.016667
0 0.309115 0.596296 0.002604 0.005556
0 0.242969 0.602315 0.002604 0.008333
0 0.190885 0.623148 0.003646 0.009259
0 0.183073 0.601852 0.002604 0.007407
0 0.181771 0.610648 0.003125 0.008333
0 0.176563 0.603241 0.003125 0.008333
0 0.176302 0.613426 0.002604 0.008333
0 0.173177 0.603241 0.002604 0.008333
0 0.173177 0.615741 0.002604 0.009259
0 0.168490 0.612963 0.002604 0.007407
0 0.169271 0.606481 0.003125 0.007407
0 0.234375 0.705556 0.003125 0.009259
0 0.230729 0.706019 0.003125 0.010185
0 0.203385 0.682407 0.002604 0.009259
1 0.163021 0.718981 0.009375 0.015741
1 0.206250 0.798611 0.018750 0.019444
1 0.219792 0.781944 0.025000 0.017593
0 0.261979 0.730556 0.003125 0.014815
0 0.180208 0.809259 0.004167 0.020370
0 0.232552 0.638889 0.002604 0.009259
0 0.256250 0.728704 0.003125 0.014815
0 0.327865 0.738889 0.003646 0.014815
0 0.330729 0.766667 0.003125 0.016667
0 0.309635 0.654630 0.003646 0.011111
0 0.294792 0.662037 0.004167 0.012963
0 0.228646 0.640278 0.003125 0.010185
0 0.270573 0.631944 0.002604 0.008333
0 0.232292 0.617593 0.002083 0.009259
0 0.268750 0.730093 0.003125 0.012037
0 0.200781 0.682870 0.002604 0.008333
0 0.264062 0.630556 0.003125 0.009259
0 0.228906 0.614815 0.003646 0.016667
0 0.258854 0.732407 0.003125 0.012963
0 0.313281 0.654167 0.003646 0.010185
0 0.217969 0.626852 0.002604 0.009259
0 0.275781 0.600926 0.002604 0.009259
0 0.222396 0.608796 0.003125 0.008333
0 0.238021 0.609722 0.003125 0.008333
0 0.182812 0.636574 0.003125 0.010185
0 0.225260 0.622222 0.003646 0.012963
0 0.193750 0.612037 0.003125 0.007407
0 0.245573 0.642130 0.003646 0.010185
0 0.218229 0.615741 0.003125 0.007407
0 0.183854 0.812037 0.003125 0.012963
0 0.254427 0.602315 0.002604 0.008333
0 0.185677 0.611574 0.002604 0.008333
0 0.279687 0.746296 0.004167 0.014815
0 0.492708 0.891667 0.006250 0.020370
0 0.495573 0.885648 0.005729 0.019444
0 0.460417 0.868519 0.005208 0.025926
0 0.405729 0.831481 0.004167 0.016667
0 0.408073 0.826852 0.003646 0.020370
0 0.379948 0.820833 0.003646 0.012037
0 0.376823 0.819444 0.003646 0.009259
0 0.360156 0.735185 0.004687 0.012963
0 0.406250 0.733796 0.004167 0.012037
0 0.341927 0.724074 0.003646 0.014815
0 0.347917 0.725463 0.004167 0.013889
0 0.402865 0.659722 0.002604 0.010185
0 0.413281 0.645370 0.002604 0.011111
0 0.408594 0.656481 0.004687 0.011111
0 0.409896 0.647222 0.003125 0.009259
0 0.398177 0.650463 0.003646 0.012037
0 0.379167 0.646296 0.003125 0.011111
0 0.373698 0.651389 0.002604 0.012037
0 0.371875 0.649074 0.003125 0.011111
0 0.368750 0.652315 0.003125 0.010185
0 0.364323 0.653704 0.002604 0.009259
0 0.360417 0.633333 0.003125 0.009259
0 0.356250 0.634722 0.003125 0.010185
0 0.350000 0.635185 0.003125 0.009259
0 0.470052 0.597685 0.002604 0.008333
0 0.455208 0.597685 0.002083 0.008333
0 0.459375 0.599074 0.002083 0.009259
0 0.462240 0.599074 0.002604 0.011111
0 0.460417 0.599074 0.002083 0.011111
0 0.440104 0.593981 0.002083 0.000926
0 0.525260 0.885648 0.004687 0.004630
0 0.537760 0.826852 0.004687 0.020370
0 0.613802 0.719444 0.002604 0.007407
0 0.762760 0.764815 0.002604 0.011111
0 0.730469 0.746759 0.002604 0.012037
0 0.764323 0.763889 0.002604 0.012963
1 0.112760 0.923148 0.020313 0.025926
1 0.131771 0.964352 0.022917 0.030556
0 0.057813 0.900463 0.007292 0.021296
1 0.132292 0.953704 0.032292 0.027778
1 0.125000 0.930556 0.039583 0.037037
1 0.100521 0.910185 0.035417 0.031481
1 0.110417 0.919444 0.027083 0.025926
1 0.145573 0.968519 0.038021 0.038889
1 0.152083 0.979167 0.036458 0.036111
1 0.128906 0.941204 0.031771 0.034259
1 0.157552 0.985648 0.031771 0.026852
1 0.167708 0.987500 0.032292 0.023148
0 0.589844 0.928241 0.004687 0.025000
0 0.559896 0.923148 0.006250 0.018519
0 0.538281 0.911574 0.004687 0.017593
0 0.531250 0.901389 0.005208 0.023148
0 0.518490 0.901852 0.003646 0.014815
0 0.526042 0.898148 0.004167 0.016667
0 0.522396 0.903241 0.004167 0.015741
0 0.917708 0.958796 0.004167 0.023148
