2 0.438802 0.523611 0.020313 0.049074
2 0.461198 0.506481 0.019271 0.031481
2 0.446094 0.504630 0.016146 0.031481
1 0.467448 0.562037 0.004687 0.007407
1 0.429167 0.562500 0.006250 0.006481
1 0.450260 0.560648 0.004687 0.008333
1 0.461979 0.550463 0.004167 0.006481
1 0.435417 0.562037 0.006250 0.007407
1 0.365625 0.582870 0.009375 0.010185
1 0.351302 0.588889 0.009896 0.007407
1 0.467187 0.550463 0.004167 0.006481
1 0.474479 0.550926 0.004167 0.007407
1 0.357812 0.588889 0.006250 0.007407
1 0.450521 0.552778 0.005208 0.007407
1 0.445052 0.552778 0.004687 0.007407
1 0.443750 0.558333 0.005208 0.007407
1 0.422917 0.554167 0.005208 0.006481
1 0.344271 0.590741 0.006250 0.003704
1 0.462500 0.556944 0.004167 0.006481
1 0.456250 0.551389 0.004167 0.006481
1 0.416667 0.553704 0.007292 0.011111
2 0.490104 0.476389 0.010417 0.043519
2 0.492969 0.485648 0.013021 0.012037
1 0.469271 0.468519 0.012500 0.009259
1 0.450000 0.570833 0.031250 0.012037
2 0.564323 0.483796 0.044271 0.049074
2 0.587240 0.517130 0.025521 0.037963
2 0.520312 0.479630 0.029167 0.029630
2 0.638281 0.558333 0.015104 0.042593
2 0.582292 0.545833 0.009375 0.026852
2 0.573177 0.555093 0.011979 0.036111
2 0.601562 0.547685 0.012500 0.037963
2 0.575781 0.549537 0.011979 0.034259
2 0.841146 0.507870 0.028125 0.036111
2 0.715365 0.412500 0.005729 0.010185
1 0.117188 0.663426 0.014583 0.012037
1 0.129167 0.660648 0.014583 0.012037
1 0.141146 0.658333 0.013542 0.011111
1 0.152865 0.654630 0.010937 0.011111
1 0.163802 0.651389 0.013021 0.010185
1 0.161458 0.662500 0.009375 0.012037
1 0.174219 0.647222 0.017188 0.012963
1 0.283854 0.845833 0.014583 0.021296
1 0.234635 0.791667 0.011979 0.018519
1 0.292969 0.667130 0.017188 0.013889
1 0.298438 0.684722 0.016667 0.012037
1 0.221354 0.792593 0.011458 0.020370
1 0.186979 0.655093 0.010417 0.013889
1 0.198177 0.652315 0.010937 0.012037
1 0.207813 0.640278 0.014583 0.012037
1 0.250000 0.636574 0.008333 0.013889
1 0.277604 0.626852 0.007292 0.012963
1 0.287760 0.623611 0.007812 0.012037
1 0.297396 0.611111 0.012500 0.011111
1 0.311719 0.604630 0.014063 0.011111
1 0.324479 0.600463 0.012500 0.008333
1 0.296094 0.621296 0.008854 0.011111
1 0.323177 0.612500 0.005729 0.010185
1 0.287500 0.613889 0.011458 0.009259
1 0.277344 0.618056 0.010937 0.008333
1 0.305208 0.624074 0.007292 0.007407
1 0.305990 0.616204 0.005729 0.008333
1 0.430729 0.767593 0.012500 0.018519
1 0.471354 0.759722 0.013542 0.019444
1 0.460938 0.805093 0.028125 0.023148
1 0.490365 0.792593 0.016146 0.022222
1 0.509635 0.887500 0.040104 0.026852
1 0.501042 0.872685 0.032292 0.025000
1 0.487760 0.853241 0.031771 0.030556
1 0.455729 0.870833 0.028125 0.021296
1 0.430729 0.849537 0.022917 0.021296
0 0.442708 0.839352 0.007292 0.019444
1 0.362760 0.597222 0.005729 0.007407
1 0.356250 0.598611 0.005208 0.008333
1 0.444271 0.765278 0.013542 0.019444
1 0.516406 0.785185 0.016146 0.022222
1 0.537240 0.780556 0.016146 0.020370
1 0.595313 0.757407 0.025000 0.018519
1 0.596094 0.768981 0.017188 0.017593
1 0.561198 0.775926 0.011979 0.020370
1 0.550260 0.778704 0.016146 0.022222
1 0.604427 0.788426 0.023438 0.032407
1 0.586198 0.802778 0.016146 0.018519
1 0.568229 0.806481 0.018750 0.022222
1 0.553385 0.808333 0.017188 0.022222
1 0.525260 0.814815 0.017188 0.022222
1 0.510677 0.812963 0.017188 0.025926
0 0.619792 0.814815 0.005208 0.018519
0 0.614844 0.812500 0.003646 0.013889
0 0.554688 0.631019 0.003125 0.012037
0 0.776302 0.842593 0.004687 0.020370
0 0.778646 0.840278 0.005208 0.019444
0 0.795833 0.843519 0.005208 0.020370
0 0.800260 0.851852 0.005729 0.022222
0 0.790625 0.862500 0.006250 0.023148
0 0.759115 0.825926 0.004687 0.018519
0 0.771354 0.620370 0.002083 0.009259
0 0.825781 0.864352 0.004687 0.017593
0 0.833073 0.640278 0.009896 0.012037
0 0.846094 0.884722 0.005729 0.013889
0 0.866667 0.858796 0.006250 0.019444
0 0.915625 0.836111 0.004167 0.016667
0 0.935417 0.725000 0.004167 0.012963
0 0.911458 0.722222 0.004167 0.012963
0 0.994010 0.724537 0.003646 0.013889
0 0.941667 0.689815 0.004167 0.014815
0 0.931771 0.688426 0.004167 0.015741
0 0.942708 0.782407 0.004167 0.020370
0 0.948177 0.747685 0.004687 0.013889
0 0.956250 0.781944 0.003125 0.010185
0 0.878385 0.638426 0.004687 0.013889
0 0.875260 0.637500 0.003646 0.013889
0 0.959896 0.696296 0.005208 0.012963
0 0.850260 0.680556 0.003646 0.009259
0 0.841146 0.652778 0.003125 0.007407
0 0.847396 0.650463 0.003125 0.012037
0 0.856771 0.682407 0.003125 0.009259
0 0.839063 0.650463 0.002083 0.006481
0 0.966667 0.696296 0.004167 0.011111
0 0.844271 0.654167 0.004167 0.008333
0 0.890625 0.770370 0.008333 0.009259
0 0.840365 0.865741 0.005729 0.014815
0 0.922135 0.843981 0.006771 0.010185
0 0.857552 0.606481 0.003646 0.011111
1 0.019531 0.970370 0.021354 0.040741
1 0.006771 0.965278 0.012500 0.049074
1 0.275781 0.895370 0.008854 0.011111
1 0.587500 0.978704 0.020833 0.042593
1 0.609375 0.980556 0.017708 0.037037
1 0.541667 0.952778 0.034375 0.035185
1 0.523958 0.923148 0.029167 0.024074
1 0.514583 0.902778 0.031250 0.025926
1 0.645833 0.981944 0.017708 0.030556
1 0.664062 0.978704 0.017708 0.033333
1 0.534896 0.943056 0.028125 0.025000
1 0.534896 0.931019 0.030208 0.023148
1 0.685156 0.975463 0.024479 0.034259
1 0.702865 0.969907 0.023438 0.036111
1 0.720313 0.957870 0.025000 0.045370
1 0.736979 0.956019 0.022917 0.036111
1 0.753385 0.952315 0.025521 0.030556
1 0.771615 0.947685 0.023438 0.028704
0 0.878125 0.931019 0.006250 0.013889
1 0.386719 0.505556 0.007812 0.016667
