2 0.471615 0.329630 0.052604 0.022222
2 0.719271 0.478704 0.012500 0.027778
2 0.745052 0.474537 0.007812 0.015741
2 0.779427 0.470370 0.009896 0.016667
0 0.777604 0.425000 0.003125 0.009259
0 0.754687 0.427315 0.003125 0.008333
0 0.825521 0.425463 0.003125 0.008333
0 0.791146 0.426389 0.003125 0.008333
0 0.717969 0.486111 0.003646 0.012963
2 0.903906 0.529630 0.011979 0.033333
0 0.014063 0.898611 0.005208 0.026852
0 0.243229 0.655093 0.005208 0.017593
0 0.202865 0.711111 0.004687 0.016667
0 0.247135 0.894907 0.005729 0.026852
0 0.253125 0.897685 0.007292 0.028704
0 0.450260 0.619907 0.004687 0.013889
0 0.472135 0.774537 0.003646 0.021296
0 0.403385 0.675000 0.006771 0.011111
0 0.396354 0.670370 0.003125 0.016667
0 0.450521 0.834722 0.004167 0.017593
0 0.461458 0.837037 0.004167 0.024074
0 0.448958 0.828704 0.004167 0.024074
0 0.450781 0.843519 0.004687 0.024074
0 0.457552 0.833333 0.004687 0.022222
0 0.526563 0.846296 0.006250 0.020370
0 0.536198 0.846759 0.004687 0.019444
0 0.531250 0.847222 0.004167 0.018519
0 0.510417 0.784722 0.005208 0.019444
0 0.515625 0.797222 0.004167 0.022222
2 0.748958 0.807870 0.021875 0.023148
0 0.686979 0.843981 0.005208 0.019444
0 0.683333 0.842593 0.004167 0.020370
0 0.679688 0.859259 0.004167 0.016667
0 0.694792 0.860648 0.004167 0.012037
0 0.830208 0.837037 0.005208 0.011111
0 0.898958 0.812037 0.005208 0.011111
0 0.983594 0.789815 0.006771 0.012963
0 0.892969 0.802315 0.006771 0.013889
0 0.971615 0.791667 0.006771 0.012963
0 0.964063 0.792593 0.006250 0.012963
0 0.884635 0.803704 0.006771 0.016667
0 0.876042 0.812037 0.006250 0.024074
0 0.951302 0.794444 0.006771 0.012963
0 0.957031 0.793519 0.004687 0.012963
0 0.900000 0.801852 0.005208 0.012963
0 0.917969 0.799537 0.004687 0.013889
0 0.854688 0.664815 0.004167 0.018519
0 0.997135 0.786574 0.005729 0.015741
0 0.993750 0.710648 0.006250 0.013889
0 0.920573 0.684722 0.003646 0.017593
0 0.988281 0.710648 0.004687 0.012037
0 0.592708 0.933333 0.008333 0.024074
0 0.742969 0.899537 0.005729 0.019444
