2 0.639583 0.558796 0.026042 0.065741
0 0.592969 0.577778 0.003646 0.009259
0 0.636198 0.543056 0.003646 0.012037
2 0.826302 0.476389 0.014063 0.049074
2 0.698177 0.543981 0.020313 0.065741
2 0.683854 0.546759 0.019792 0.069444
2 0.705469 0.542130 0.019271 0.056481
2 0.713542 0.526389 0.020833 0.069444
2 0.804427 0.516204 0.021354 0.012037
0 0.025781 0.844444 0.005729 0.020370
0 0.061198 0.767130 0.004687 0.021296
0 0.067187 0.773148 0.006250 0.011111
0 0.109635 0.748611 0.004687 0.017593
0 0.119010 0.693519 0.005729 0.011111
0 0.054688 0.850000 0.006250 0.014815
2 0.238802 0.816204 0.023438 0.025000
0 0.204687 0.874537 0.005208 0.025000
0 0.425521 0.728241 0.005208 0.012037
0 0.419271 0.730556 0.005208 0.011111
0 0.453646 0.712963 0.004167 0.011111
0 0.439063 0.654630 0.005208 0.011111
0 0.568229 0.652778 0.005208 0.018519
0 0.573698 0.654167 0.004687 0.017593
0 0.568229 0.607870 0.004167 0.015741
0 0.572656 0.607407 0.003646 0.012963
