2 0.317969 0.291667 0.013021 0.014815
2 0.178125 0.278241 0.007292 0.006481
2 0.740885 0.262500 0.009896 0.008333
2 0.108073 0.392593 0.026562 0.038889
2 0.018750 0.425926 0.036458 0.037037
2 0.058854 0.361574 0.066667 0.036111
2 0.169010 0.432407 0.014063 0.040741
2 0.460417 0.345833 0.003125 0.012037
1 0.083333 0.871296 0.039583 0.044444
1 0.076042 0.861574 0.031250 0.036111
1 0.038021 0.819907 0.041667 0.043519
1 0.014844 0.785185 0.028646 0.033333
1 0.055990 0.728241 0.020313 0.023148
1 0.041146 0.700926 0.019792 0.024074
0 0.067187 0.802315 0.005208 0.025000
0 0.091406 0.752778 0.005729 0.020370
0 0.353646 0.699537 0.003125 0.013889
2 0.509896 0.602778 0.018750 0.018519
0 0.643229 0.601852 0.003125 0.012963
0 0.786979 0.650000 0.004167 0.018519
2 0.127865 0.424537 0.011979 0.039815
2 0.095052 0.436574 0.011979 0.039815
2 0.098698 0.427315 0.018229 0.039815
