2 0.514323 0.536574 0.065104 0.036111
2 0.478125 0.515278 0.018750 0.045370
2 0.454688 0.530556 0.026042 0.042593
2 0.674740 0.477778 0.021354 0.062963
2 0.608333 0.520833 0.025000 0.028704
2 0.501563 0.486574 0.006250 0.019444
2 0.658333 0.562037 0.015625 0.046296
2 0.621615 0.550926 0.015104 0.038889
2 0.592969 0.555556 0.015104 0.038889
2 0.597135 0.548148 0.015104 0.038889
2 0.895573 0.470833 0.052604 0.032407
1 0.004948 0.675463 0.008854 0.015741
1 0.004687 0.656944 0.008333 0.015741
1 0.253646 0.789352 0.011458 0.021296
1 0.241146 0.790278 0.010417 0.019444
1 0.303385 0.842593 0.014063 0.022222
1 0.228646 0.792593 0.012500 0.022222
1 0.312760 0.662500 0.015104 0.010185
1 0.319531 0.684722 0.014063 0.012037
1 0.313802 0.672685 0.015104 0.010185
1 0.463802 0.765278 0.013021 0.021296
1 0.489583 0.759722 0.014583 0.019444
1 0.506250 0.855093 0.032292 0.030556
1 0.450260 0.766667 0.014063 0.018519
1 0.535937 0.789352 0.016667 0.025000
1 0.546354 0.818056 0.017708 0.021296
1 0.517448 0.866667 0.023438 0.024074
1 0.526042 0.891204 0.035417 0.030556
1 0.026042 0.958333 0.021875 0.046296
1 0.044531 0.962963 0.020313 0.040741
1 0.553906 0.943056 0.028646 0.028704
1 0.560417 0.954167 0.035417 0.034259
