1 0.857031 0.596759 0.010937 0.012037
1 0.864062 0.595370 0.005208 0.011111
0 0.879948 0.595370 0.002604 0.009259
2 0.955469 0.552778 0.022396 0.035185
1 0.951302 0.583333 0.006771 0.009259
1 0.958333 0.584722 0.007292 0.008333
1 0.965885 0.584722 0.007812 0.008333
2 0.961979 0.541667 0.020833 0.042593
1 0.997396 0.575463 0.005208 0.008333
1 0.926302 0.527315 0.005729 0.008333
1 0.969271 0.579167 0.005208 0.008333
1 0.957812 0.571296 0.005208 0.007407
1 0.990104 0.574537 0.004167 0.006481
1 0.904167 0.568056 0.006250 0.010185
1 0.981510 0.573611 0.005729 0.008333
1 0.913281 0.536111 0.005729 0.009259
1 0.961458 0.577778 0.005208 0.007407
1 0.984635 0.579630 0.004687 0.007407
1 0.973437 0.573611 0.005208 0.006481
1 0.965104 0.572222 0.004167 0.007407
1 0.912240 0.528241 0.022396 0.015741
1 0.870573 0.593519 0.008854 0.011111
1 0.991146 0.587963 0.008333 0.009259
2 0.996875 0.526389 0.006250 0.032407
1 0.090104 0.747685 0.018750 0.017593
1 0.071094 0.742130 0.013021 0.015741
1 0.079427 0.745833 0.015104 0.015741
1 0.080729 0.801852 0.019792 0.031481
1 0.251563 0.783333 0.018750 0.018519
1 0.269531 0.683333 0.016146 0.012963
1 0.274479 0.866667 0.020833 0.025926
1 0.254427 0.693981 0.016146 0.012037
1 0.503906 0.632407 0.010937 0.011111
1 0.479427 0.834722 0.020313 0.019444
1 0.559635 0.642130 0.013021 0.012037
1 0.570052 0.641667 0.014063 0.012963
1 0.515104 0.884259 0.018750 0.037037
1 0.761979 0.628241 0.008333 0.015741
1 0.698698 0.776389 0.009896 0.019444
1 0.786458 0.673611 0.015625 0.012037
1 0.744271 0.632407 0.008333 0.012963
1 0.735156 0.782407 0.008854 0.020370
1 0.768229 0.848611 0.012500 0.021296
1 0.800521 0.623148 0.007292 0.011111
1 0.811979 0.610185 0.009375 0.011111
1 0.782552 0.617130 0.013021 0.010185
1 0.782031 0.626389 0.006771 0.010185
1 0.790104 0.624537 0.007292 0.010185
1 0.819271 0.619907 0.006250 0.010185
1 0.820052 0.609259 0.007812 0.009259
1 0.805729 0.614352 0.007292 0.008333
1 0.833333 0.606481 0.009375 0.009259
1 0.765365 0.889352 0.017188 0.026852
1 0.826302 0.608796 0.007812 0.008333
1 0.810677 0.621296 0.007812 0.011111
1 0.830469 0.619907 0.004687 0.012037
0 0.873177 0.600463 0.002604 0.010185
0 0.875781 0.601389 0.002604 0.010185
1 0.977344 0.869444 0.038021 0.033333
1 0.984635 0.811111 0.016146 0.022222
1 0.951302 0.808796 0.017188 0.028704
1 0.864062 0.608333 0.006250 0.011111
1 0.947917 0.618519 0.007292 0.009259
1 0.849479 0.600926 0.009375 0.009259
1 0.841406 0.603241 0.008854 0.008333
1 0.855469 0.609259 0.005729 0.007407
1 0.984635 0.906019 0.029687 0.026852
1 0.964063 0.934259 0.027083 0.040741
1 0.991667 0.926389 0.015625 0.026852
0 0.931771 0.913426 0.005208 0.019444
1 0.939844 0.934722 0.010937 0.013889
0 0.941927 0.927315 0.004687 0.015741
0 0.921354 0.904167 0.003125 0.015741
1 0.792448 0.691667 0.015104 0.009259
