2 0.439063 0.523611 0.020833 0.049074
1 0.381771 0.580556 0.006250 0.009259
1 0.434896 0.560648 0.006250 0.008333
1 0.451302 0.563426 0.005729 0.008333
2 0.480729 0.480093 0.011458 0.030556
2 0.490885 0.473611 0.008854 0.049074
1 0.441406 0.562037 0.004687 0.007407
1 0.438542 0.551389 0.004167 0.006481
1 0.429948 0.561574 0.005729 0.006481
1 0.349740 0.591204 0.006771 0.008333
1 0.457031 0.550926 0.005729 0.007407
1 0.422917 0.553241 0.005208 0.006481
1 0.469271 0.556481 0.004167 0.005556
1 0.462500 0.550463 0.004167 0.006481
1 0.352604 0.587037 0.005208 0.007407
1 0.450781 0.550463 0.004687 0.006481
1 0.467969 0.550000 0.004687 0.005556
1 0.365104 0.580556 0.005208 0.009259
1 0.462500 0.556944 0.004167 0.006481
2 0.448437 0.507407 0.014583 0.016667
1 0.417187 0.507870 0.008333 0.015741
1 0.358073 0.586574 0.006771 0.008333
1 0.444531 0.556944 0.004687 0.006481
1 0.445312 0.549537 0.004167 0.006481
1 0.473958 0.550926 0.004167 0.007407
1 0.450781 0.556944 0.004687 0.006481
2 0.494010 0.485185 0.010937 0.014815
1 0.370312 0.579630 0.005208 0.009259
2 0.564063 0.487500 0.043750 0.041667
2 0.594271 0.505556 0.035417 0.044444
2 0.630208 0.425000 0.009375 0.011111
2 0.526823 0.489352 0.018229 0.012037
2 0.637760 0.557870 0.015104 0.041667
2 0.602344 0.547222 0.009896 0.035185
2 0.573958 0.555093 0.010417 0.032407
2 0.581250 0.545370 0.007292 0.027778
2 0.576042 0.549074 0.012500 0.031481
0 0.747396 0.575000 0.003125 0.007407
0 0.760677 0.589352 0.005729 0.006481
0 0.764062 0.585185 0.003125 0.009259
0 0.769010 0.587037 0.002604 0.009259
0 0.781510 0.551389 0.002604 0.008333
0 0.747917 0.583333 0.003125 0.007407
2 0.948698 0.511111 0.003646 0.016667
1 0.156250 0.662500 0.023958 0.021296
1 0.119010 0.663426 0.015104 0.010185
1 0.130729 0.660185 0.013542 0.011111
1 0.144010 0.658333 0.013021 0.009259
0 0.279687 0.861111 0.006250 0.020370
1 0.283333 0.843519 0.013542 0.020370
1 0.277865 0.626852 0.007812 0.012963
1 0.245573 0.627315 0.019271 0.017593
1 0.259896 0.623148 0.010417 0.011111
1 0.259375 0.633333 0.007292 0.011111
1 0.234375 0.791204 0.010417 0.017593
1 0.299479 0.610185 0.010417 0.009259
1 0.247656 0.635648 0.010937 0.013889
1 0.286719 0.624074 0.006771 0.011111
1 0.269271 0.620370 0.009375 0.009259
1 0.186719 0.655556 0.009896 0.014815
1 0.197917 0.651389 0.009375 0.012037
1 0.296094 0.620370 0.008854 0.011111
1 0.305990 0.617130 0.008854 0.010185
1 0.165885 0.651389 0.011979 0.010185
1 0.269531 0.629630 0.007812 0.011111
1 0.278906 0.618056 0.010937 0.008333
1 0.294010 0.669907 0.014063 0.008333
1 0.174479 0.657407 0.010417 0.011111
1 0.248698 0.788426 0.010937 0.023148
1 0.278906 0.887963 0.025521 0.029630
1 0.288281 0.614815 0.013021 0.009259
1 0.206510 0.639352 0.017188 0.013889
1 0.293229 0.665741 0.014583 0.011111
1 0.313802 0.613889 0.006771 0.011111
1 0.302344 0.661111 0.019271 0.016667
1 0.335417 0.598148 0.008333 0.011111
1 0.323177 0.612037 0.005729 0.009259
1 0.300000 0.685185 0.015625 0.011111
1 0.322135 0.603241 0.006771 0.008333
1 0.314323 0.604167 0.006771 0.008333
1 0.307031 0.607870 0.006771 0.008333
1 0.195312 0.643519 0.010417 0.009259
1 0.443490 0.763426 0.014063 0.019444
1 0.470573 0.757870 0.015104 0.017593
1 0.490365 0.791667 0.016146 0.022222
1 0.507812 0.889352 0.034375 0.030556
1 0.487500 0.852778 0.032292 0.029630
1 0.461198 0.803704 0.026562 0.024074
1 0.430469 0.765741 0.013021 0.018519
1 0.497135 0.863426 0.029687 0.021296
0 0.471615 0.884259 0.005729 0.022222
0 0.466927 0.885185 0.003646 0.020370
1 0.362500 0.597222 0.006250 0.007407
1 0.356771 0.598148 0.006250 0.007407
1 0.517188 0.787500 0.016667 0.021296
1 0.544792 0.765278 0.019792 0.015741
1 0.538281 0.780556 0.016146 0.020370
1 0.596354 0.759259 0.025000 0.018519
1 0.597135 0.769907 0.017188 0.017593
1 0.585417 0.771759 0.016667 0.023148
1 0.573958 0.775926 0.014583 0.018519
1 0.562240 0.775926 0.011979 0.020370
1 0.552344 0.778704 0.013021 0.022222
1 0.605469 0.790278 0.023438 0.032407
1 0.587240 0.802778 0.016146 0.018519
1 0.554427 0.807407 0.017188 0.022222
1 0.540625 0.811574 0.017708 0.019444
1 0.525781 0.813426 0.017188 0.019444
1 0.502344 0.873611 0.030729 0.019444
0 0.627865 0.710185 0.003646 0.012963
0 0.573438 0.826389 0.004167 0.017593
0 0.563281 0.821296 0.004687 0.020370
0 0.631250 0.709722 0.003125 0.012037
0 0.660677 0.743981 0.003646 0.015741
0 0.606250 0.869444 0.004167 0.014815
0 0.644271 0.725926 0.004167 0.016667
0 0.666667 0.742130 0.009375 0.019444
1 0.569792 0.806481 0.018750 0.022222
0 0.677604 0.759722 0.003125 0.017593
0 0.681771 0.756944 0.005208 0.019444
0 0.694010 0.730093 0.003646 0.015741
0 0.828646 0.812500 0.003125 0.015741
0 0.801562 0.625463 0.002083 0.008333
0 0.804688 0.625926 0.002083 0.007407
0 0.783594 0.660648 0.002604 0.010185
0 0.697396 0.774537 0.003125 0.015741
0 0.811198 0.700000 0.003646 0.014815
0 0.826562 0.810185 0.003125 0.016667
0 0.761719 0.596759 0.002604 0.006481
0 0.751042 0.832407 0.004167 0.012963
0 0.785677 0.661111 0.002604 0.009259
0 0.779948 0.661574 0.003646 0.012037
0 0.696615 0.732407 0.002604 0.012963
0 0.686458 0.757870 0.003125 0.010185
0 0.934635 0.752315 0.003646 0.013889
0 0.956771 0.817130 0.004167 0.017593
0 0.988802 0.681944 0.004687 0.017593
0 0.877604 0.661574 0.003125 0.008333
0 0.873177 0.761574 0.003646 0.013889
0 0.854427 0.677778 0.002604 0.011111
0 0.842187 0.606019 0.002083 0.008333
0 0.852344 0.616204 0.002604 0.010185
0 0.846094 0.606944 0.002604 0.008333
0 0.899219 0.682407 0.002604 0.011111
0 0.851042 0.677778 0.003125 0.009259
0 0.954427 0.729167 0.003646 0.013889
0 0.868229 0.652315 0.003125 0.013889
0 0.849479 0.675926 0.002083 0.007407
0 0.946875 0.728704 0.003125 0.009259
0 0.846354 0.677315 0.003125 0.012037
0 0.884896 0.676852 0.004167 0.007407
0 0.933333 0.708796 0.003125 0.008333
0 0.876823 0.660648 0.002604 0.008333
0 0.887240 0.628241 0.003646 0.015741
0 0.845573 0.607407 0.002604 0.009259
0 0.938021 0.663426 0.003125 0.008333
1 0.019531 0.968519 0.021354 0.040741
1 0.007031 0.964352 0.013021 0.050926
1 0.514583 0.900926 0.030208 0.020370
1 0.588021 0.977778 0.020833 0.042593
1 0.609896 0.980556 0.017708 0.037037
1 0.541667 0.952778 0.034375 0.035185
1 0.533073 0.929630 0.034896 0.025926
1 0.523958 0.923148 0.029167 0.024074
1 0.520052 0.911111 0.034896 0.029630
1 0.646615 0.981944 0.016146 0.030556
1 0.664062 0.978704 0.017708 0.033333
1 0.537240 0.941204 0.028646 0.025000
1 0.567708 0.981481 0.017708 0.037037
1 0.685156 0.972685 0.024479 0.034259
1 0.702344 0.968981 0.023438 0.036111
1 0.719271 0.957870 0.025000 0.045370
1 0.736979 0.955093 0.022917 0.036111
1 0.753906 0.952315 0.026562 0.030556
1 0.771875 0.948611 0.023958 0.026852
0 0.717448 0.984722 0.006771 0.025000
0 0.910156 0.960185 0.005729 0.024074
0 0.933594 0.978704 0.004687 0.009259
0 0.939323 0.985185 0.004687 0.009259
0 0.957552 0.962963 0.005729 0.024074
0 0.475521 0.773611 0.005208 0.017593
1 0.328125 0.600463 0.008333 0.010185
1 0.384375 0.506944 0.007292 0.012037
