2 0.377344 0.272222 0.024479 0.022222
0 0.044010 0.668981 0.005729 0.019444
0 0.055469 0.673148 0.004687 0.018519
0 0.136458 0.645833 0.004167 0.012037
0 0.017188 0.665741 0.006250 0.014815
0 0.140625 0.733333 0.006250 0.014815
0 0.246875 0.752315 0.004167 0.019444
0 0.199740 0.678704 0.003646 0.016667
0 0.298698 0.626389 0.003646 0.015741
0 0.195573 0.681944 0.003646 0.012037
0 0.204948 0.622222 0.003646 0.012963
0 0.234115 0.630556 0.003646 0.012963
0 0.374479 0.881019 0.006250 0.019444
0 0.405990 0.599537 0.004687 0.012037
0 0.497396 0.759259 0.007292 0.024074
0 0.469271 0.786111 0.005208 0.020370
0 0.431510 0.726389 0.004687 0.021296
0 0.391667 0.694444 0.004167 0.018519
0 0.496094 0.633796 0.005729 0.017593
2 0.397135 0.598611 0.016146 0.010185
0 0.521875 0.778241 0.005208 0.025000
2 0.579167 0.788889 0.020833 0.020370
0 0.546875 0.678704 0.004167 0.020370
0 0.541146 0.679167 0.004167 0.019444
0 0.530208 0.772685 0.004167 0.015741
0 0.850781 0.652778 0.003646 0.016667
0 0.857552 0.656019 0.004687 0.019444
0 0.851042 0.668981 0.004167 0.017593
0 0.855208 0.671759 0.004167 0.012037
0 0.848177 0.655093 0.003646 0.019444
0 0.956771 0.603241 0.003125 0.013889
0 0.431510 0.931481 0.008854 0.016667
