1 0.047396 0.578704 0.014583 0.011111
1 0.240885 0.588426 0.007812 0.012037
1 0.311458 0.572685 0.006250 0.008333
1 0.303125 0.572685 0.006250 0.008333
1 0.330208 0.577315 0.005208 0.012037
1 0.323698 0.567593 0.009896 0.007407
1 0.182812 0.590278 0.005208 0.004630
1 0.324479 0.577778 0.006250 0.012963
1 0.318490 0.578241 0.005729 0.012037
1 0.349479 0.596296 0.011458 0.011111
1 0.344271 0.595833 0.010417 0.010185
1 0.361458 0.581481 0.006250 0.011111
1 0.336198 0.573611 0.004687 0.008333
1 0.340625 0.583333 0.009375 0.012963
1 0.353906 0.574537 0.005729 0.008333
1 0.354687 0.583333 0.007292 0.009259
1 0.347396 0.578241 0.007292 0.012037
0 0.108854 0.714815 0.004167 0.014815
0 0.111979 0.708333 0.004167 0.014815
0 0.089063 0.633333 0.003125 0.011111
0 0.081250 0.631481 0.003125 0.011111
1 0.233333 0.848611 0.027083 0.021296
1 0.266927 0.856944 0.027604 0.026852
1 0.291406 0.879167 0.025521 0.028704
1 0.442708 0.706944 0.014583 0.013889
1 0.432292 0.704630 0.014583 0.012963
1 0.339583 0.595370 0.008333 0.009259
1 0.607292 0.846759 0.019792 0.025000
1 0.608073 0.786574 0.024479 0.021296
1 0.598437 0.764815 0.018750 0.022222
1 0.584635 0.764815 0.010937 0.018519
1 0.593229 0.680556 0.015625 0.014815
1 0.818229 0.857870 0.022917 0.023148
1 0.850260 0.645833 0.013021 0.013889
1 0.850260 0.631944 0.017188 0.015741
1 0.988021 0.670370 0.016667 0.012963
1 0.882552 0.878241 0.007812 0.021296
1 0.273438 0.945370 0.038542 0.037037
0 0.321354 0.938889 0.006250 0.022222
1 0.854427 0.917130 0.022396 0.043519
1 0.870833 0.931019 0.020833 0.037963
