1 0.516927 0.594444 0.009896 0.009259
2 0.628906 0.528704 0.021354 0.029630
2 0.651042 0.508796 0.015625 0.047222
1 0.550521 0.580093 0.007292 0.010185
1 0.640104 0.556944 0.005208 0.006481
1 0.645573 0.557870 0.004687 0.006481
1 0.658594 0.550926 0.004687 0.005556
1 0.646615 0.550926 0.003646 0.005556
1 0.658594 0.558333 0.005729 0.007407
1 0.664062 0.550926 0.004167 0.005556
1 0.634115 0.557407 0.004687 0.007407
1 0.652083 0.550926 0.004167 0.005556
1 0.620313 0.559722 0.008333 0.008333
1 0.544271 0.582407 0.007292 0.007407
1 0.592969 0.518056 0.010937 0.012037
1 0.540104 0.585648 0.006250 0.008333
1 0.640885 0.550000 0.004687 0.007407
1 0.535156 0.588889 0.006771 0.007407
1 0.664062 0.558796 0.005208 0.008333
1 0.553385 0.589815 0.005729 0.005556
1 0.545833 0.591204 0.004167 0.002778
1 0.556510 0.578241 0.006771 0.008333
1 0.652604 0.557870 0.004167 0.004630
2 0.719792 0.481019 0.019792 0.030556
2 0.766146 0.490741 0.033333 0.050000
2 0.785156 0.516667 0.025521 0.044444
2 0.751823 0.426389 0.016146 0.013889
2 0.684896 0.485648 0.013542 0.013889
2 0.672135 0.482407 0.009896 0.027778
2 0.682813 0.476389 0.007292 0.047222
2 0.791406 0.549074 0.013021 0.027778
2 0.800000 0.553704 0.012500 0.037037
2 0.776563 0.549074 0.008333 0.033333
2 0.769792 0.555093 0.010417 0.032407
2 0.947917 0.417593 0.011458 0.007407
2 0.840625 0.568519 0.012500 0.044444
1 0.178385 0.865741 0.022396 0.020370
1 0.198177 0.634259 0.016146 0.012963
1 0.199219 0.648148 0.013021 0.011111
1 0.330990 0.639815 0.016146 0.012963
1 0.241146 0.862963 0.006250 0.020370
1 0.472135 0.829167 0.013021 0.021296
1 0.425781 0.773148 0.009896 0.018519
1 0.461458 0.618519 0.008333 0.012963
1 0.470313 0.617593 0.007292 0.011111
1 0.488802 0.604630 0.011979 0.009259
1 0.496354 0.599537 0.010417 0.012037
1 0.483333 0.659259 0.014583 0.011111
1 0.486719 0.615278 0.007812 0.010185
1 0.362240 0.634722 0.015104 0.010185
1 0.440104 0.771759 0.009375 0.019444
1 0.617969 0.765741 0.013021 0.018519
1 0.631510 0.766204 0.014063 0.019444
1 0.658594 0.762037 0.014063 0.018519
1 0.678906 0.872685 0.031771 0.023148
1 0.674219 0.857870 0.032813 0.026852
1 0.504427 0.606481 0.005729 0.009259
1 0.513281 0.605556 0.005729 0.009259
1 0.678125 0.796759 0.016667 0.021296
1 0.705729 0.796296 0.016667 0.024074
1 0.716146 0.826852 0.016667 0.022222
1 0.730469 0.824074 0.018229 0.020370
1 0.776823 0.785185 0.018229 0.024074
1 0.788802 0.773611 0.026562 0.019444
1 0.798698 0.807407 0.024479 0.033333
1 0.693490 0.898611 0.035937 0.030556
1 0.789583 0.785648 0.017708 0.019444
0 0.782813 0.676389 0.003125 0.012037
0 0.794271 0.858333 0.004167 0.024074
0 0.775781 0.670370 0.003646 0.012963
0 0.789583 0.852778 0.004167 0.016667
1 0.828385 0.876389 0.008854 0.017593
0 0.740885 0.624537 0.003646 0.012037
0 0.744010 0.625463 0.003646 0.012037
1 0.689063 0.881019 0.033333 0.023148
0 0.919271 0.821759 0.004167 0.017593
0 0.899740 0.799074 0.003646 0.014815
0 0.914323 0.821296 0.004687 0.018519
0 0.902604 0.811574 0.004167 0.017593
0 0.885938 0.787963 0.004167 0.016667
0 0.925781 0.821759 0.004687 0.021296
0 0.880990 0.786574 0.003646 0.017593
0 0.941927 0.837037 0.003646 0.016667
0 0.944271 0.847685 0.004167 0.019444
0 0.949219 0.842130 0.002604 0.010185
0 0.972656 0.862037 0.003646 0.014815
1 0.217448 0.911111 0.020313 0.042593
1 0.719792 0.943519 0.034375 0.025926
1 0.702344 0.922222 0.026562 0.025926
1 0.729167 0.968519 0.036458 0.038889
1 0.699219 0.912500 0.028646 0.021296
1 0.713281 0.936111 0.034896 0.020370
0 0.805990 0.888889 0.003646 0.018519
1 0.941406 0.990741 0.021354 0.016667
1 0.960156 0.991204 0.025521 0.013889
1 0.921615 0.988889 0.024479 0.020370
1 0.984635 0.991204 0.025521 0.013889
1 0.525000 0.592593 0.009375 0.009259
1 0.722396 0.957870 0.029167 0.025000
1 0.575521 0.503704 0.008333 0.011111
