2 0.106771 0.293056 0.006250 0.006481
2 0.092708 0.280556 0.014583 0.007407
2 0.182552 0.278241 0.010937 0.004630
2 0.592969 0.258796 0.005729 0.008333
2 0.053646 0.396759 0.028125 0.043519
2 0.029427 0.366204 0.041146 0.049074
0 0.359896 0.558333 0.003125 0.012963
0 0.471094 0.553241 0.002604 0.012037
0 0.386719 0.549074 0.003646 0.011111
0 0.401302 0.517130 0.002604 0.010185
0 0.376823 0.537500 0.002604 0.010185
0 0.361979 0.558333 0.003125 0.012963
1 0.111198 0.891667 0.024479 0.046296
1 0.030208 0.888426 0.040625 0.050926
1 0.022135 0.881019 0.032813 0.039815
1 0.018490 0.862500 0.035937 0.041667
1 0.005729 0.745370 0.010417 0.024074
1 0.016667 0.736574 0.023958 0.025000
0 0.057552 0.751389 0.005729 0.023148
1 0.091146 0.687963 0.028125 0.033333
0 0.063802 0.751389 0.005729 0.023148
0 0.159635 0.661111 0.003646 0.014815
1 0.256771 0.803241 0.026042 0.028704
1 0.275000 0.791204 0.022917 0.025000
0 0.273177 0.806481 0.006771 0.016667
0 0.369010 0.745370 0.005729 0.016667
0 0.631771 0.851852 0.005208 0.018519
0 0.663021 0.609259 0.006250 0.012963
0 0.845313 0.682870 0.005208 0.019444
0 0.920573 0.710185 0.004687 0.014815
0 0.902604 0.739815 0.004167 0.020370
2 0.115885 0.435648 0.013021 0.043519
2 0.071875 0.429630 0.009375 0.040741
2 0.038281 0.443519 0.010937 0.038889
2 0.042448 0.434259 0.019271 0.038889
