2 0.438281 0.527315 0.021354 0.037963
2 0.493229 0.537963 0.062500 0.035185
2 0.477344 0.507870 0.015104 0.028704
1 0.436458 0.564352 0.006250 0.008333
1 0.441146 0.553704 0.004167 0.005556
1 0.460938 0.553241 0.004167 0.006481
2 0.541406 0.484259 0.033854 0.033333
2 0.588021 0.519907 0.023958 0.032407
2 0.648958 0.475463 0.014583 0.025000
0 0.521094 0.573611 0.002604 0.010185
0 0.784375 0.593981 0.002083 0.008333
0 0.786458 0.594444 0.002083 0.009259
2 0.722135 0.436574 0.014063 0.015741
2 0.800000 0.418056 0.006250 0.013889
0 0.754687 0.546296 0.002083 0.007407
2 0.862760 0.412963 0.014063 0.009259
1 0.283073 0.846296 0.011979 0.022222
1 0.292448 0.664352 0.015104 0.010185
1 0.209115 0.793519 0.010937 0.020370
1 0.292708 0.672685 0.014583 0.010185
1 0.246615 0.788889 0.008854 0.020370
1 0.300000 0.687037 0.012500 0.011111
1 0.494271 0.868056 0.023958 0.023148
1 0.470052 0.759722 0.014063 0.019444
1 0.443229 0.764352 0.014583 0.025000
1 0.502865 0.787500 0.019271 0.032407
1 0.434635 0.596296 0.005729 0.007407
1 0.585156 0.776852 0.017188 0.020370
1 0.549740 0.781944 0.017188 0.023148
1 0.517448 0.788426 0.013021 0.023148
1 0.507812 0.628704 0.009375 0.007407
1 0.505990 0.624537 0.009896 0.006481
1 0.022135 0.972685 0.018229 0.039815
1 0.019531 0.910648 0.022396 0.032407
1 0.007552 0.970370 0.014063 0.048148
1 0.541146 0.954167 0.032292 0.037963
1 0.534115 0.944444 0.027604 0.027778
