2 0.439063 0.524537 0.020833 0.049074
1 0.361458 0.583796 0.007292 0.010185
1 0.435156 0.560648 0.005729 0.008333
1 0.366927 0.580556 0.006771 0.009259
1 0.450781 0.562500 0.005729 0.008333
1 0.351562 0.588889 0.011458 0.005556
1 0.441927 0.562500 0.005729 0.008333
1 0.469271 0.556481 0.004167 0.005556
1 0.429167 0.562500 0.006250 0.008333
1 0.462240 0.550463 0.004687 0.006481
1 0.422917 0.554630 0.005208 0.007407
1 0.467708 0.550000 0.004167 0.005556
1 0.444271 0.556481 0.004167 0.005556
2 0.490625 0.474537 0.009375 0.049074
1 0.451042 0.553704 0.004167 0.007407
2 0.479948 0.481019 0.010937 0.026852
1 0.455990 0.551389 0.004687 0.006481
2 0.456510 0.493981 0.011979 0.025000
1 0.466927 0.562037 0.004687 0.007407
1 0.355990 0.587037 0.010937 0.007407
1 0.473698 0.550926 0.004687 0.007407
1 0.446094 0.552315 0.005729 0.008333
1 0.457292 0.557407 0.005208 0.007407
1 0.387240 0.504167 0.008854 0.013889
1 0.451042 0.552778 0.004167 0.007407
1 0.462500 0.557407 0.004167 0.007407
2 0.564063 0.486111 0.043750 0.042593
2 0.588281 0.513426 0.027604 0.034259
2 0.589063 0.429630 0.010417 0.012963
2 0.526563 0.489815 0.017708 0.011111
2 0.638281 0.557870 0.015104 0.043519
2 0.602344 0.546296 0.009896 0.035185
2 0.582031 0.545370 0.007812 0.027778
2 0.573438 0.554167 0.010417 0.034259
2 0.574479 0.549074 0.010417 0.031481
2 0.706510 0.411574 0.008854 0.010185
2 0.809115 0.569444 0.013021 0.040741
2 0.791406 0.569444 0.013021 0.025926
1 0.156250 0.662963 0.023958 0.022222
1 0.143490 0.657870 0.013021 0.010185
1 0.130729 0.660185 0.013542 0.011111
1 0.119010 0.662963 0.016146 0.011111
1 0.283594 0.845370 0.014063 0.022222
1 0.277865 0.626389 0.006771 0.012037
1 0.234115 0.791204 0.010937 0.017593
1 0.298698 0.610648 0.009896 0.010185
1 0.260677 0.622685 0.008854 0.010185
1 0.198177 0.652778 0.009896 0.011111
1 0.286719 0.623611 0.006771 0.012037
1 0.259896 0.633333 0.007292 0.011111
1 0.186458 0.655556 0.010417 0.012963
1 0.269531 0.620370 0.009896 0.009259
1 0.269792 0.630556 0.007292 0.011111
1 0.295833 0.620833 0.009375 0.010185
1 0.174219 0.656944 0.010937 0.012037
1 0.279167 0.617593 0.011458 0.009259
1 0.169792 0.650926 0.005208 0.011111
1 0.250781 0.626389 0.014063 0.010185
1 0.249219 0.788426 0.008854 0.023148
1 0.279167 0.887037 0.025000 0.031481
1 0.323437 0.611574 0.007292 0.010185
1 0.305990 0.617130 0.008854 0.010185
1 0.298438 0.684722 0.012500 0.010185
1 0.293229 0.669444 0.015625 0.012963
1 0.314323 0.612963 0.005729 0.011111
1 0.315885 0.603241 0.004687 0.006481
1 0.208594 0.638889 0.013021 0.011111
1 0.288802 0.615278 0.010937 0.010185
1 0.195052 0.643981 0.010937 0.008333
1 0.307552 0.608333 0.008854 0.007407
1 0.322396 0.602315 0.008333 0.008333
1 0.328125 0.599537 0.008333 0.008333
1 0.430729 0.765741 0.012500 0.018519
1 0.444531 0.764352 0.014063 0.019444
1 0.471354 0.757870 0.013542 0.019444
1 0.460938 0.803241 0.028125 0.023148
1 0.490365 0.790741 0.016146 0.022222
1 0.507812 0.887963 0.035417 0.025926
1 0.501042 0.871759 0.032292 0.023148
1 0.487240 0.851852 0.032813 0.027778
1 0.492969 0.862037 0.031771 0.024074
0 0.456771 0.856481 0.005208 0.016667
0 0.466406 0.843056 0.005729 0.017593
1 0.336198 0.597222 0.004687 0.007407
1 0.466146 0.848611 0.011458 0.010185
1 0.362240 0.597222 0.005729 0.007407
1 0.355990 0.598148 0.006771 0.009259
1 0.516667 0.787037 0.017708 0.020370
1 0.537760 0.782407 0.016146 0.020370
1 0.595313 0.757407 0.025000 0.018519
1 0.597135 0.768519 0.017188 0.018519
1 0.584896 0.770833 0.016667 0.023148
1 0.561198 0.775926 0.011979 0.020370
1 0.550521 0.778704 0.014583 0.020370
1 0.604427 0.788426 0.023438 0.032407
1 0.586198 0.800926 0.016146 0.018519
1 0.568229 0.805556 0.018750 0.022222
1 0.553385 0.806481 0.017188 0.022222
1 0.539844 0.811111 0.018229 0.022222
1 0.525260 0.812963 0.017188 0.022222
0 0.535677 0.823611 0.004687 0.017593
0 0.545312 0.831019 0.006250 0.019444
0 0.625781 0.701852 0.002604 0.012963
0 0.626042 0.826852 0.004167 0.018519
0 0.624219 0.819444 0.002604 0.014815
0 0.638021 0.793056 0.003125 0.010185
0 0.658333 0.672685 0.003125 0.012037
0 0.621354 0.819907 0.003125 0.012037
0 0.569792 0.654630 0.004167 0.016667
0 0.606250 0.687500 0.003125 0.012037
0 0.587500 0.662037 0.002083 0.009259
1 0.510938 0.813889 0.017708 0.024074
1 0.535937 0.829630 0.011458 0.009259
0 0.584896 0.662963 0.003125 0.009259
0 0.699479 0.750463 0.004167 0.013889
0 0.797135 0.854630 0.004687 0.016667
0 0.685677 0.746759 0.002604 0.010185
0 0.690625 0.746759 0.004167 0.012037
0 0.801042 0.715278 0.006250 0.008333
0 0.775521 0.693056 0.003125 0.012037
0 0.676042 0.675463 0.004167 0.012037
0 0.784635 0.693056 0.003646 0.012037
0 0.853385 0.754167 0.003646 0.015741
0 0.976562 0.874537 0.004167 0.019444
0 0.866146 0.746296 0.004167 0.014815
0 0.864844 0.867130 0.005729 0.017593
0 0.994792 0.726389 0.005208 0.015741
0 0.893229 0.650926 0.003125 0.011111
2 0.938542 0.597222 0.008333 0.007407
0 0.961198 0.781481 0.005729 0.016667
0 0.855469 0.700926 0.002604 0.009259
0 0.847396 0.603241 0.003125 0.008333
0 0.967448 0.782407 0.003646 0.016667
0 0.902083 0.683796 0.003125 0.012037
0 0.861979 0.701389 0.003125 0.012037
0 0.849740 0.617130 0.002604 0.008333
0 0.844531 0.604167 0.002604 0.006481
0 0.914062 0.878241 0.005208 0.017593
0 0.916146 0.837037 0.004167 0.016667
0 0.896354 0.692130 0.003125 0.012037
0 0.952344 0.700000 0.003646 0.011111
0 0.867969 0.728704 0.005729 0.012963
0 0.838281 0.691204 0.006771 0.008333
0 0.932813 0.786574 0.004167 0.013889
0 0.905469 0.715741 0.003646 0.011111
1 0.019531 0.968519 0.021354 0.040741
1 0.007031 0.964352 0.013021 0.049074
1 0.587500 0.976852 0.020833 0.042593
1 0.609375 0.979630 0.017708 0.037037
1 0.541667 0.950926 0.034375 0.035185
1 0.532292 0.932407 0.033333 0.031481
1 0.526823 0.923148 0.034896 0.024074
1 0.520052 0.911111 0.034896 0.029630
1 0.514583 0.901389 0.030208 0.023148
1 0.645833 0.981944 0.017708 0.030556
1 0.664062 0.979630 0.017708 0.035185
1 0.685937 0.973148 0.023958 0.035185
1 0.703385 0.968056 0.023438 0.036111
1 0.720313 0.957870 0.025000 0.045370
1 0.736979 0.955093 0.022917 0.036111
1 0.752344 0.952315 0.026562 0.030556
1 0.771615 0.946759 0.022396 0.030556
0 0.949479 0.986111 0.007292 0.024074
0 0.909896 0.960185 0.005208 0.025926
0 0.923698 0.960185 0.005729 0.024074
0 0.960677 0.987037 0.005729 0.022222
0 0.956250 0.981481 0.006250 0.025926
1 0.921354 0.967130 0.012500 0.017593
1 0.400781 0.547222 0.006771 0.009259
