2 0.438802 0.523611 0.020313 0.049074
2 0.446094 0.504630 0.016146 0.031481
1 0.367448 0.581944 0.007812 0.010185
1 0.447135 0.562500 0.005729 0.006481
1 0.440885 0.562500 0.004687 0.006481
2 0.490104 0.471296 0.010417 0.048148
1 0.450521 0.556481 0.005208 0.007407
1 0.445052 0.550463 0.004687 0.006481
1 0.442708 0.556944 0.004167 0.006481
1 0.455208 0.562037 0.004167 0.007407
1 0.422135 0.554167 0.004687 0.006481
1 0.455990 0.550000 0.003646 0.005556
1 0.352604 0.588426 0.007292 0.006481
1 0.466146 0.550463 0.005208 0.006481
1 0.438021 0.551852 0.004167 0.005556
1 0.450260 0.549074 0.004687 0.007407
1 0.435156 0.562037 0.004687 0.007407
1 0.473438 0.550000 0.004167 0.005556
1 0.428646 0.560185 0.008333 0.009259
1 0.460938 0.552778 0.005208 0.007407
1 0.468229 0.558333 0.004167 0.005556
1 0.348698 0.589815 0.006771 0.005556
1 0.359115 0.585648 0.009896 0.010185
1 0.461719 0.557407 0.004687 0.007407
1 0.466406 0.468519 0.010937 0.009259
2 0.564323 0.483796 0.044271 0.049074
2 0.587240 0.517130 0.025521 0.037963
2 0.520312 0.479630 0.029167 0.029630
2 0.571094 0.418519 0.006771 0.011111
2 0.638542 0.558333 0.016667 0.044444
2 0.601302 0.548611 0.014063 0.037963
2 0.572135 0.554167 0.014063 0.037963
2 0.576823 0.548148 0.017188 0.035185
0 0.695052 0.584722 0.002604 0.008333
1 0.128125 0.660648 0.015625 0.012037
1 0.142187 0.658333 0.013542 0.011111
1 0.163802 0.651389 0.013021 0.010185
1 0.174740 0.648148 0.018229 0.014815
1 0.282813 0.846759 0.013542 0.021296
1 0.233594 0.791667 0.011979 0.018519
1 0.292969 0.667130 0.017188 0.013889
1 0.298958 0.685648 0.016667 0.012037
1 0.220833 0.791667 0.011458 0.020370
1 0.197135 0.652315 0.010937 0.012037
1 0.204948 0.640278 0.011979 0.010185
1 0.250000 0.637500 0.008333 0.013889
1 0.277604 0.627778 0.007292 0.012963
1 0.286719 0.624537 0.007812 0.012037
1 0.277604 0.618981 0.013542 0.012037
1 0.207292 0.793981 0.013542 0.023148
1 0.321615 0.603704 0.010937 0.009259
1 0.314323 0.614352 0.005729 0.008333
1 0.322656 0.613426 0.005729 0.010185
1 0.306771 0.608796 0.009375 0.008333
1 0.296354 0.619444 0.006250 0.009259
1 0.332813 0.598148 0.011458 0.011111
1 0.302865 0.624074 0.010937 0.007407
1 0.313281 0.605093 0.005729 0.008333
1 0.295312 0.612963 0.013542 0.009259
1 0.429688 0.763889 0.012500 0.018519
1 0.443490 0.763426 0.014063 0.019444
1 0.470313 0.756944 0.013542 0.019444
1 0.459896 0.805093 0.028125 0.023148
1 0.509115 0.891204 0.036979 0.028704
1 0.502083 0.871759 0.032292 0.023148
1 0.487240 0.852778 0.032813 0.029630
1 0.455729 0.793981 0.027083 0.021296
1 0.502083 0.787500 0.017708 0.025000
1 0.493229 0.864815 0.025000 0.022222
1 0.355469 0.599537 0.005729 0.008333
0 0.468490 0.838426 0.003646 0.017593
1 0.361979 0.597222 0.005208 0.007407
0 0.477865 0.838889 0.003646 0.009259
0 0.484115 0.836574 0.004687 0.010185
1 0.516406 0.785185 0.016146 0.022222
1 0.537240 0.780556 0.016146 0.020370
1 0.596094 0.768981 0.017188 0.017593
1 0.561198 0.775926 0.011979 0.020370
1 0.550260 0.778704 0.016146 0.022222
1 0.586198 0.800926 0.016146 0.018519
1 0.567708 0.805556 0.019792 0.022222
1 0.553385 0.806481 0.017188 0.022222
1 0.525260 0.812963 0.017188 0.022222
1 0.570052 0.774537 0.016146 0.019444
1 0.583333 0.773148 0.015625 0.018519
1 0.614323 0.793981 0.021354 0.026852
1 0.598958 0.796759 0.017708 0.021296
1 0.539323 0.810648 0.019271 0.023148
1 0.568490 0.859722 0.018229 0.030556
1 0.597917 0.844907 0.013542 0.017593
0 0.620833 0.702315 0.003125 0.012037
0 0.573177 0.724537 0.003646 0.013889
0 0.634635 0.711574 0.003646 0.013889
0 0.507031 0.847222 0.004687 0.020370
0 0.791406 0.853704 0.004687 0.020370
0 0.682552 0.816204 0.004687 0.017593
0 0.824219 0.850463 0.004687 0.013889
0 0.704167 0.739352 0.004167 0.013889
0 0.727865 0.734722 0.003646 0.013889
0 0.813021 0.858333 0.004167 0.009259
0 0.749740 0.829630 0.004687 0.007407
0 0.989844 0.737500 0.004687 0.015741
0 0.904427 0.769907 0.003646 0.015741
0 0.885156 0.838889 0.004687 0.018519
0 0.854427 0.689815 0.004687 0.012963
0 0.843229 0.828704 0.004167 0.012963
0 0.854167 0.871759 0.005208 0.019444
0 0.892708 0.678241 0.003125 0.008333
0 0.972917 0.746296 0.004167 0.011111
0 0.967187 0.721296 0.004167 0.011111
0 0.955729 0.721759 0.005208 0.010185
0 0.997396 0.791667 0.005208 0.018519
1 0.019531 0.968519 0.021354 0.040741
1 0.007031 0.965741 0.013021 0.048148
1 0.520833 0.910648 0.036458 0.030556
1 0.587500 0.977778 0.020833 0.042593
1 0.608854 0.979630 0.017708 0.037037
1 0.541667 0.953704 0.034375 0.035185
1 0.523958 0.925000 0.029167 0.024074
1 0.511719 0.901852 0.026562 0.024074
1 0.645573 0.980093 0.018229 0.037963
1 0.534896 0.943056 0.028125 0.025000
1 0.530990 0.933796 0.025521 0.025000
1 0.666146 0.972222 0.029167 0.051852
1 0.685156 0.974537 0.024479 0.034259
1 0.703385 0.968981 0.023438 0.036111
1 0.719271 0.957870 0.025000 0.045370
1 0.735938 0.956944 0.022917 0.036111
1 0.752865 0.953241 0.026562 0.030556
1 0.772396 0.948148 0.023958 0.029630
0 0.910417 0.945833 0.005208 0.023148
0 0.922396 0.967130 0.006250 0.023148
0 0.856510 0.893519 0.004687 0.007407
1 0.343229 0.595370 0.011458 0.011111
