1 0.634896 0.588889 0.014583 0.011111
1 0.646354 0.584722 0.009375 0.010185
2 0.723958 0.539815 0.025000 0.029630
2 0.751302 0.519444 0.018229 0.042593
2 0.789323 0.541204 0.072396 0.036111
1 0.748177 0.559722 0.004687 0.006481
1 0.734635 0.558796 0.004687 0.006481
1 0.727865 0.564815 0.005729 0.007407
2 0.730208 0.529630 0.018750 0.033333
2 0.786198 0.474074 0.014063 0.048148
1 0.734375 0.565278 0.006250 0.008333
2 0.815365 0.487500 0.035937 0.036111
1 0.675781 0.501852 0.008854 0.012963
2 0.890885 0.531481 0.028646 0.035185
2 0.905208 0.563426 0.013542 0.039815
2 0.950521 0.573611 0.013542 0.037963
2 0.872396 0.568981 0.015625 0.039815
2 0.876823 0.562963 0.017188 0.037037
2 0.883333 0.559259 0.016667 0.033333
1 0.038802 0.822222 0.024479 0.031481
1 0.021354 0.825000 0.015625 0.022222
1 0.027083 0.726852 0.018750 0.016667
1 0.043229 0.718519 0.013542 0.011111
1 0.315885 0.894444 0.020313 0.042593
1 0.330208 0.901852 0.018750 0.035185
1 0.279167 0.850926 0.021875 0.020370
1 0.299479 0.638889 0.014583 0.012963
0 0.319531 0.638426 0.002604 0.008333
0 0.317448 0.638426 0.002604 0.008333
1 0.565885 0.831019 0.014063 0.023148
1 0.520833 0.770833 0.011458 0.019444
1 0.529167 0.617130 0.013542 0.012037
1 0.580469 0.662500 0.016146 0.010185
1 0.579688 0.656944 0.016667 0.008333
1 0.579427 0.652778 0.017188 0.009259
1 0.535677 0.768519 0.008854 0.020370
1 0.583073 0.675463 0.011979 0.008333
1 0.784896 0.896296 0.031250 0.020370
1 0.782552 0.887963 0.030729 0.020370
1 0.770833 0.872222 0.035417 0.027778
1 0.805469 0.808796 0.019271 0.025000
1 0.819010 0.810185 0.015104 0.022222
1 0.714583 0.774537 0.015625 0.021296
1 0.729427 0.774537 0.015104 0.021296
1 0.757552 0.771296 0.016146 0.022222
1 0.789583 0.616204 0.007292 0.013889
1 0.722917 0.598148 0.006250 0.009259
1 0.850000 0.836111 0.027083 0.037037
1 0.895052 0.803704 0.021354 0.022222
1 0.901302 0.793056 0.027604 0.021296
0 0.855990 0.878704 0.006771 0.024074
0 0.909896 0.851852 0.006250 0.018519
0 0.974479 0.858796 0.007292 0.019444
0 0.967969 0.853704 0.006771 0.020370
0 0.956510 0.856944 0.004687 0.021296
0 0.961198 0.855556 0.005729 0.018519
0 0.872917 0.680556 0.004167 0.012963
0 0.877083 0.679630 0.004167 0.012963
1 0.054948 0.908796 0.023438 0.028704
1 0.828906 0.983796 0.039062 0.028704
1 0.821615 0.973148 0.032813 0.029630
1 0.799479 0.924074 0.040625 0.029630
1 0.788021 0.911111 0.031250 0.027778
