2 0.655729 0.559722 0.020833 0.065741
0 0.560156 0.589352 0.003646 0.006481
2 0.716927 0.542593 0.015104 0.062963
2 0.722656 0.532870 0.018229 0.076852
2 0.797396 0.494444 0.016667 0.048148
2 0.820833 0.517130 0.021875 0.012037
2 0.711979 0.543056 0.018750 0.065741
2 0.700521 0.547685 0.018750 0.065741
0 0.715625 0.520370 0.005208 0.012963
2 0.843490 0.478241 0.015104 0.049074
0 0.092188 0.853241 0.007292 0.021296
0 0.060417 0.866667 0.007292 0.022222
2 0.254167 0.812037 0.025000 0.024074
0 0.238021 0.695833 0.004167 0.010185
0 0.172917 0.733796 0.004167 0.012037
0 0.306510 0.664815 0.004687 0.012963
0 0.430208 0.754167 0.004167 0.019444
0 0.435156 0.750926 0.004687 0.011111
0 0.338021 0.742593 0.005208 0.016667
0 0.412240 0.726389 0.003646 0.013889
0 0.382031 0.629167 0.003646 0.013889
0 0.526563 0.620833 0.004167 0.015741
0 0.512760 0.622222 0.003646 0.014815
0 0.176042 0.733796 0.004167 0.012037
