2 0.121094 0.368056 0.018229 0.047222
2 0.136198 0.427315 0.021354 0.013889
2 0.300781 0.593981 0.007812 0.017593
0 0.042708 0.689815 0.006250 0.012963
0 0.157812 0.680556 0.004167 0.012963
0 0.161979 0.681481 0.004167 0.012963
2 0.229948 0.629630 0.018229 0.018519
0 0.186979 0.674074 0.005208 0.014815
0 0.260677 0.696296 0.005729 0.011111
0 0.448177 0.666204 0.006771 0.019444
0 0.461979 0.667593 0.006250 0.018519
0 0.473698 0.664352 0.006771 0.017593
0 0.460938 0.712500 0.004167 0.019444
0 0.351562 0.860648 0.005208 0.017593
0 0.357031 0.858796 0.004687 0.015741
0 0.497656 0.701852 0.003646 0.018519
0 0.495052 0.704630 0.003646 0.018519
0 0.482031 0.665278 0.003646 0.015741
0 0.457552 0.709259 0.004687 0.024074
0 0.479167 0.665741 0.004167 0.014815
0 0.345573 0.744907 0.004687 0.012037
0 0.397917 0.756019 0.005208 0.012037
0 0.534635 0.654630 0.004687 0.018519
0 0.605469 0.829167 0.006771 0.023148
0 0.620833 0.830093 0.005208 0.017593
0 0.596094 0.652315 0.004687 0.015741
2 0.619010 0.789815 0.021354 0.025926
0 0.665365 0.686574 0.002604 0.013889
0 0.766146 0.636574 0.006250 0.017593
0 0.817708 0.754630 0.005208 0.014815
0 0.833073 0.679167 0.005729 0.017593
2 0.793229 0.612963 0.020833 0.016667
0 0.760156 0.768981 0.004687 0.013889
0 0.812760 0.754630 0.005729 0.012963
0 0.929167 0.718981 0.005208 0.013889
0 0.924219 0.718981 0.004687 0.015741
0 0.969271 0.692593 0.005208 0.016667
0 0.961979 0.658796 0.004167 0.021296
0 0.935156 0.679630 0.005729 0.012963
0 0.934115 0.659259 0.005729 0.020370
0 0.977344 0.683333 0.005729 0.014815
0 0.858594 0.742593 0.004687 0.011111
0 0.944010 0.743056 0.004687 0.010185
0 0.862240 0.743519 0.003646 0.011111
0 0.836458 0.682407 0.004167 0.012963
0 0.097396 0.904167 0.005208 0.026852
0 0.102083 0.909722 0.005208 0.019444
0 0.108073 0.903704 0.006771 0.011111
0 0.470052 0.928241 0.005729 0.019444
