2 0.631771 0.537037 0.025000 0.029630
2 0.693750 0.538426 0.067708 0.037963
2 0.658854 0.509722 0.018750 0.037963
2 0.640625 0.507407 0.016667 0.040741
2 0.792969 0.518519 0.025521 0.040741
2 0.740365 0.484722 0.042188 0.036111
2 0.953125 0.412963 0.013542 0.007407
2 0.847656 0.569907 0.018229 0.045370
1 0.224479 0.908796 0.019792 0.043519
1 0.186719 0.866667 0.021354 0.020370
1 0.205729 0.630556 0.016667 0.012963
1 0.207813 0.648148 0.012500 0.011111
1 0.408854 0.774537 0.011458 0.019444
1 0.420833 0.773611 0.010417 0.017593
1 0.433073 0.773611 0.010937 0.019444
1 0.478646 0.830556 0.013542 0.020370
1 0.491927 0.662963 0.016146 0.011111
1 0.490885 0.657407 0.017188 0.011111
1 0.494271 0.676852 0.011458 0.011111
1 0.680990 0.861574 0.033854 0.026852
1 0.665885 0.762500 0.013021 0.021296
1 0.638542 0.767130 0.013542 0.019444
1 0.625000 0.768056 0.012500 0.019444
1 0.701042 0.902315 0.036458 0.030556
1 0.723698 0.827778 0.017188 0.022222
1 0.748437 0.811111 0.017708 0.022222
1 0.713021 0.796296 0.016667 0.024074
0 0.735938 0.605093 0.002083 0.008333
1 0.240625 0.914815 0.017708 0.035185
1 0.735417 0.970370 0.035417 0.033333
1 0.729688 0.957870 0.031250 0.025000
2 0.805990 0.558796 0.018229 0.041667
2 0.780469 0.552315 0.018229 0.041667
2 0.778385 0.562500 0.014063 0.036111
