2 0.120573 0.541204 0.024479 0.050926
2 0.127865 0.519444 0.022396 0.033333
1 0.161458 0.567593 0.005208 0.007407
1 0.147656 0.567130 0.004687 0.006481
1 0.134896 0.579167 0.005208 0.008333
1 0.153385 0.566667 0.003646 0.005556
1 0.118229 0.581481 0.006250 0.007407
1 0.102344 0.575000 0.005729 0.007407
1 0.120573 0.571296 0.004687 0.005556
1 0.134896 0.570833 0.005208 0.008333
1 0.141146 0.568981 0.004167 0.006481
1 0.128646 0.570833 0.005208 0.008333
1 0.127344 0.576852 0.004687 0.007407
1 0.095573 0.575000 0.006771 0.009259
1 0.155990 0.572222 0.004687 0.005556
1 0.086198 0.577778 0.006771 0.009259
1 0.147917 0.575000 0.005208 0.007407
1 0.153646 0.580093 0.005208 0.008333
1 0.111198 0.581944 0.005729 0.006481
1 0.134896 0.590741 0.034375 0.014815
2 0.258333 0.495833 0.047917 0.041667
2 0.282813 0.521296 0.027083 0.050000
2 0.298438 0.554630 0.012500 0.038889
2 0.277604 0.554630 0.009375 0.029630
2 0.267188 0.565278 0.014583 0.034259
2 0.217448 0.498611 0.020313 0.013889
2 0.183333 0.496296 0.011458 0.012963
2 0.178385 0.485648 0.009896 0.047222
2 0.270833 0.558796 0.013542 0.032407
2 0.476302 0.555556 0.009896 0.035185
2 0.488281 0.560648 0.009896 0.039815
2 0.407813 0.413426 0.008333 0.010185
2 0.339062 0.560648 0.009375 0.039815
0 0.384635 0.569444 0.002604 0.009259
2 0.335938 0.558333 0.004167 0.037037
0 0.432031 0.555556 0.002604 0.009259
2 0.958854 0.418056 0.015625 0.015741
1 0.117708 0.804167 0.015625 0.023148
1 0.132812 0.800000 0.015625 0.022222
1 0.163021 0.788889 0.016667 0.022222
1 0.152865 0.840278 0.030729 0.026852
1 0.183594 0.887963 0.035937 0.031481
1 0.032292 0.626852 0.008333 0.012963
1 0.032292 0.614352 0.011458 0.008333
1 0.023958 0.631481 0.007292 0.011111
1 0.019271 0.619907 0.013542 0.012037
1 0.003646 0.628704 0.006250 0.009259
1 0.045573 0.606019 0.013021 0.010185
1 0.011458 0.626389 0.008333 0.010185
1 0.185156 0.819907 0.018229 0.023148
1 0.214062 0.811574 0.017708 0.025000
1 0.236458 0.801852 0.017708 0.022222
1 0.249219 0.799074 0.015104 0.020370
1 0.260156 0.794444 0.015104 0.020370
1 0.271875 0.789815 0.015625 0.018519
1 0.296875 0.767593 0.025000 0.022222
1 0.296875 0.781944 0.019792 0.019444
1 0.305990 0.799074 0.024479 0.031481
1 0.288021 0.815741 0.017708 0.018519
1 0.268490 0.821759 0.021354 0.021296
1 0.252604 0.825463 0.018750 0.023148
1 0.224740 0.837963 0.018229 0.022222
1 0.208073 0.839815 0.019271 0.027778
1 0.190885 0.865278 0.030729 0.017593
1 0.191146 0.898148 0.027083 0.022222
0 0.266406 0.856481 0.005729 0.020370
0 0.301823 0.862037 0.005729 0.016667
0 0.308594 0.857870 0.006771 0.025000
0 0.249479 0.640741 0.003125 0.011111
0 0.302604 0.851389 0.005208 0.008333
0 0.421094 0.768519 0.004687 0.016667
0 0.492448 0.620833 0.002604 0.008333
0 0.389844 0.770833 0.003646 0.012037
0 0.489583 0.619444 0.003125 0.009259
0 0.390365 0.809259 0.006771 0.022222
0 0.467708 0.603241 0.002083 0.006481
0 0.394271 0.760648 0.004167 0.015741
0 0.423698 0.768056 0.003646 0.017593
0 0.465885 0.600926 0.002604 0.011111
0 0.470573 0.603704 0.003646 0.007407
0 0.539323 0.875000 0.004687 0.022222
0 0.555469 0.843056 0.005729 0.017593
0 0.631250 0.831944 0.006250 0.019444
2 0.594271 0.635648 0.012500 0.010185
0 0.659375 0.786574 0.004167 0.015741
0 0.519271 0.825463 0.004167 0.015741
0 0.606250 0.819444 0.004167 0.016667
0 0.541927 0.865278 0.003646 0.021296
0 0.611198 0.750000 0.003646 0.012963
0 0.528906 0.875000 0.003646 0.012963
0 0.510938 0.828241 0.004167 0.015741
0 0.551302 0.885648 0.005729 0.023148
0 0.713542 0.807870 0.005208 0.013889
0 0.815365 0.731019 0.004687 0.012037
0 0.828906 0.764815 0.003646 0.014815
0 0.735417 0.743981 0.003125 0.010185
0 0.720833 0.810185 0.004167 0.011111
0 0.726302 0.743519 0.002604 0.011111
0 0.740104 0.747685 0.003125 0.012037
0 0.724219 0.802778 0.003646 0.014815
0 0.693490 0.709722 0.003646 0.013889
0 0.755469 0.719907 0.003646 0.012037
0 0.788802 0.711574 0.003646 0.012037
0 0.775781 0.710648 0.004687 0.013889
2 0.746615 0.615741 0.008854 0.007407
0 0.903125 0.787037 0.006250 0.018519
0 0.973698 0.815741 0.003646 0.014815
0 0.859375 0.761574 0.004167 0.012037
0 0.886719 0.793981 0.003646 0.012037
0 0.910677 0.789815 0.003646 0.012963
0 0.841146 0.762037 0.005208 0.016667
0 0.890365 0.834259 0.003646 0.012963
0 0.854948 0.771296 0.003646 0.012963
0 0.836979 0.723611 0.004167 0.010185
1 0.166146 0.937037 0.020833 0.038889
1 0.198437 0.904630 0.031250 0.025926
1 0.203906 0.911111 0.032813 0.022222
1 0.209896 0.932870 0.025000 0.025000
1 0.221354 0.939352 0.037500 0.037963
1 0.228125 0.955093 0.035417 0.028704
1 0.238281 0.968519 0.029687 0.031481
1 0.245052 0.977778 0.034896 0.040741
1 0.294792 0.985185 0.019792 0.027778
1 0.354687 0.984722 0.017708 0.028704
1 0.371875 0.980093 0.016667 0.032407
1 0.392448 0.969444 0.023438 0.031481
1 0.408854 0.959722 0.022917 0.032407
1 0.424479 0.944444 0.022917 0.042593
1 0.441406 0.941204 0.022396 0.034259
1 0.456771 0.935185 0.025000 0.027778
1 0.473438 0.925926 0.021875 0.025926
0 0.616146 0.922685 0.005208 0.010185
0 0.758073 0.898611 0.004687 0.017593
0 0.738021 0.944907 0.004167 0.017593
0 0.749740 0.962963 0.005729 0.016667
0 0.905469 0.989352 0.006771 0.019444
0 0.995833 0.909259 0.007292 0.016667
1 0.207031 0.925000 0.038021 0.025926
1 0.059375 0.525000 0.009375 0.018519
