2 0.439063 0.518056 0.019792 0.049074
2 0.489323 0.518519 0.014063 0.038889
1 0.367708 0.581481 0.007292 0.009259
1 0.450000 0.556481 0.005208 0.007407
1 0.461458 0.550000 0.005208 0.007407
1 0.442969 0.557407 0.004687 0.007407
1 0.445052 0.550463 0.004687 0.006481
1 0.359375 0.584722 0.014583 0.012037
1 0.455729 0.550463 0.004167 0.006481
1 0.466406 0.550463 0.004687 0.006481
1 0.422135 0.553704 0.004687 0.007407
1 0.456771 0.556481 0.004167 0.005556
2 0.488802 0.471759 0.009896 0.050926
1 0.438281 0.552778 0.004687 0.005556
1 0.472917 0.550926 0.004167 0.007407
1 0.450260 0.550000 0.004687 0.007407
1 0.461719 0.556944 0.004687 0.006481
2 0.452344 0.475926 0.020313 0.053704
1 0.427344 0.559259 0.004687 0.009259
1 0.351562 0.588426 0.014583 0.008333
1 0.466667 0.562037 0.005208 0.009259
2 0.587240 0.517130 0.025521 0.037963
2 0.548698 0.483333 0.039062 0.048148
2 0.551562 0.419907 0.006250 0.012037
2 0.575260 0.484259 0.025521 0.031481
2 0.524740 0.484722 0.017188 0.013889
2 0.638021 0.559259 0.017708 0.040741
2 0.601562 0.549537 0.014583 0.036111
2 0.573438 0.556019 0.014583 0.036111
2 0.576562 0.548611 0.014583 0.036111
2 0.913542 0.531481 0.007292 0.011111
2 0.900521 0.496296 0.009375 0.011111
1 0.127604 0.660648 0.014583 0.012037
1 0.141146 0.658333 0.013542 0.011111
1 0.152865 0.654630 0.010937 0.011111
1 0.163802 0.651389 0.013021 0.010185
1 0.173958 0.648148 0.016667 0.014815
1 0.282813 0.846759 0.014583 0.021296
1 0.234115 0.791667 0.011979 0.018519
1 0.292969 0.667130 0.017188 0.013889
1 0.299479 0.684722 0.016667 0.012037
1 0.220312 0.793519 0.011458 0.020370
1 0.197656 0.653241 0.010937 0.012037
1 0.204948 0.640741 0.011979 0.011111
1 0.248958 0.636574 0.008333 0.013889
1 0.277604 0.626852 0.007292 0.012963
1 0.286719 0.623611 0.007812 0.012037
1 0.303385 0.624074 0.011979 0.007407
1 0.305469 0.612500 0.013021 0.012037
1 0.324479 0.600463 0.012500 0.008333
1 0.207292 0.794444 0.012500 0.024074
1 0.238802 0.629630 0.013021 0.012963
1 0.277344 0.618981 0.013021 0.010185
1 0.322656 0.612963 0.005729 0.009259
1 0.314323 0.615278 0.004687 0.008333
1 0.321354 0.603241 0.010417 0.008333
1 0.248438 0.786574 0.009375 0.017593
1 0.312240 0.606019 0.006771 0.008333
1 0.296354 0.619907 0.005208 0.008333
1 0.430208 0.767130 0.013542 0.019444
1 0.443490 0.764352 0.014063 0.019444
1 0.470833 0.758796 0.013542 0.019444
1 0.460156 0.805093 0.027604 0.023148
1 0.488281 0.791667 0.016146 0.022222
1 0.502865 0.883333 0.028646 0.024074
1 0.501302 0.871296 0.031771 0.018519
1 0.486719 0.853704 0.031771 0.027778
1 0.502865 0.788426 0.018229 0.025000
1 0.455990 0.795370 0.026562 0.018519
1 0.428646 0.813889 0.015625 0.022222
1 0.493229 0.864815 0.028125 0.020370
0 0.426563 0.838426 0.004167 0.019444
0 0.433594 0.835185 0.005729 0.020370
1 0.355208 0.598611 0.005208 0.008333
1 0.361979 0.597222 0.005208 0.007407
1 0.516406 0.788889 0.016146 0.022222
1 0.537240 0.782407 0.016146 0.020370
1 0.595313 0.771759 0.018750 0.019444
1 0.560417 0.777778 0.011458 0.020370
1 0.550260 0.781481 0.016146 0.022222
1 0.586719 0.802778 0.016146 0.018519
1 0.568229 0.806481 0.018750 0.022222
1 0.552344 0.807407 0.017188 0.022222
1 0.509375 0.816667 0.016667 0.020370
1 0.570573 0.775000 0.015104 0.018519
1 0.583594 0.774074 0.015104 0.018519
1 0.540104 0.812037 0.017708 0.022222
1 0.598698 0.798611 0.017188 0.019444
1 0.614844 0.795370 0.021354 0.025926
1 0.570573 0.861574 0.020313 0.030556
1 0.598437 0.845833 0.014583 0.017593
0 0.596094 0.677778 0.003646 0.011111
0 0.598958 0.677778 0.003125 0.012963
0 0.560937 0.636574 0.003125 0.013889
0 0.582812 0.657870 0.003125 0.013889
0 0.576823 0.657407 0.003646 0.014815
0 0.579427 0.658796 0.003646 0.012037
1 0.525000 0.815741 0.017708 0.022222
0 0.796354 0.866204 0.005208 0.017593
0 0.713542 0.772222 0.004167 0.016667
0 0.806250 0.777778 0.005208 0.016667
0 0.824219 0.852778 0.004687 0.018519
0 0.751563 0.827315 0.004167 0.012037
0 0.704688 0.834722 0.004167 0.010185
0 0.686979 0.806944 0.007292 0.015741
0 0.905469 0.767593 0.004687 0.018519
0 0.846615 0.886111 0.006771 0.014815
0 0.957031 0.718056 0.003646 0.013889
0 0.886198 0.672222 0.004687 0.011111
0 0.907031 0.708796 0.005729 0.012037
0 0.988021 0.750926 0.003125 0.009259
0 0.983854 0.750926 0.003125 0.007407
0 0.897656 0.691667 0.004687 0.011111
0 0.953385 0.711574 0.003646 0.013889
0 0.876042 0.878704 0.004167 0.020370
1 0.019531 0.968519 0.021354 0.040741
1 0.007031 0.966204 0.013021 0.049074
1 0.587500 0.977778 0.020833 0.042593
1 0.608594 0.981944 0.016146 0.034259
1 0.541667 0.953704 0.034375 0.035185
1 0.526823 0.924074 0.034896 0.025926
1 0.510677 0.899074 0.022396 0.020370
1 0.645573 0.981019 0.018229 0.034259
1 0.665365 0.971759 0.028646 0.050926
1 0.535937 0.942130 0.028125 0.025000
1 0.519792 0.911111 0.035417 0.031481
1 0.531771 0.933796 0.026042 0.025000
1 0.685156 0.972685 0.024479 0.034259
1 0.702344 0.968056 0.023438 0.036111
1 0.719271 0.957870 0.025000 0.045370
1 0.735938 0.955093 0.022917 0.036111
1 0.752344 0.952315 0.026562 0.030556
0 0.797396 0.954167 0.004167 0.019444
0 0.792188 0.963889 0.004167 0.016667
0 0.793750 0.956019 0.003125 0.019444
