2 0.436198 0.525000 0.023438 0.050000
2 0.442708 0.505093 0.019792 0.039815
1 0.363542 0.585648 0.008333 0.010185
1 0.355208 0.588426 0.008333 0.008333
1 0.472917 0.552778 0.004167 0.005556
1 0.460156 0.552778 0.004687 0.005556
1 0.454948 0.553704 0.003646 0.005556
1 0.441406 0.561111 0.004687 0.007407
1 0.419531 0.557407 0.005729 0.007407
1 0.438542 0.567593 0.005208 0.007407
1 0.448437 0.559722 0.005208 0.008333
2 0.477604 0.484259 0.013542 0.016667
1 0.436719 0.555556 0.004687 0.005556
1 0.443229 0.553704 0.005208 0.007407
1 0.465885 0.553241 0.004687 0.006481
1 0.413281 0.558333 0.006771 0.009259
1 0.460938 0.559722 0.004167 0.006481
1 0.455729 0.560185 0.004167 0.005556
1 0.448958 0.553704 0.005208 0.007407
1 0.467969 0.557870 0.003646 0.004630
1 0.465885 0.565741 0.004687 0.009259
2 0.490104 0.473611 0.010417 0.049074
1 0.444010 0.557870 0.004687 0.006481
1 0.346615 0.589815 0.008854 0.005556
1 0.427344 0.564815 0.006771 0.009259
1 0.405729 0.561111 0.008333 0.011111
2 0.492708 0.483333 0.013542 0.014815
2 0.566667 0.486111 0.046875 0.051852
2 0.591667 0.518519 0.025000 0.035185
2 0.655208 0.411111 0.006250 0.007407
2 0.504167 0.489815 0.007292 0.011111
2 0.527604 0.487963 0.019792 0.014815
2 0.643750 0.561111 0.015625 0.046296
2 0.604948 0.550926 0.016146 0.038889
2 0.575260 0.554630 0.016146 0.044444
2 0.578125 0.550463 0.015625 0.037963
2 0.709635 0.409259 0.008854 0.011111
2 0.726302 0.555093 0.015104 0.045370
0 0.746615 0.581019 0.002604 0.010185
0 0.704427 0.584722 0.002604 0.010185
0 0.693490 0.583796 0.002604 0.010185
1 0.102344 0.671296 0.016146 0.011111
1 0.113281 0.667593 0.014063 0.011111
1 0.126562 0.666667 0.014583 0.011111
1 0.138021 0.662963 0.011458 0.011111
1 0.150260 0.658796 0.014063 0.012037
1 0.196094 0.807870 0.014063 0.025000
1 0.210156 0.806019 0.013021 0.021296
1 0.223958 0.803704 0.011458 0.020370
1 0.173437 0.662037 0.010417 0.012963
1 0.186458 0.659259 0.010417 0.012963
1 0.241146 0.643519 0.009375 0.012963
1 0.270313 0.632407 0.007292 0.011111
1 0.279687 0.628241 0.007292 0.012037
1 0.296354 0.629630 0.012500 0.009259
1 0.299479 0.612500 0.013542 0.013889
1 0.316927 0.618981 0.005729 0.010185
1 0.279948 0.619907 0.014063 0.010185
1 0.285677 0.675000 0.017188 0.012963
1 0.308073 0.619444 0.005729 0.009259
1 0.298177 0.622685 0.006771 0.008333
1 0.168750 0.645833 0.003125 0.023148
1 0.308594 0.608796 0.007812 0.010185
1 0.292448 0.692130 0.017188 0.010185
1 0.315885 0.605093 0.007812 0.012037
1 0.288802 0.618056 0.014063 0.010185
1 0.458854 0.817593 0.029167 0.024074
1 0.428385 0.777778 0.014063 0.020370
1 0.442448 0.775000 0.015104 0.022222
1 0.470313 0.769444 0.014583 0.020370
1 0.502604 0.799537 0.018750 0.026852
1 0.486719 0.867130 0.033854 0.030556
1 0.494531 0.878704 0.026562 0.024074
1 0.358073 0.600926 0.007812 0.009259
1 0.350521 0.604630 0.005208 0.009259
0 0.442708 0.879630 0.004167 0.016667
0 0.459635 0.861111 0.004687 0.024074
1 0.492188 0.831944 0.009375 0.015741
1 0.338281 0.598148 0.008854 0.009259
1 0.518229 0.799074 0.017708 0.024074
1 0.539062 0.793519 0.016667 0.022222
1 0.552604 0.791667 0.015625 0.020370
1 0.562500 0.788889 0.014583 0.020370
1 0.573698 0.786574 0.016146 0.019444
1 0.599479 0.766667 0.025000 0.022222
1 0.600000 0.780556 0.018750 0.018519
1 0.608594 0.800926 0.024479 0.033333
1 0.589583 0.814815 0.016667 0.020370
1 0.570833 0.819444 0.020833 0.022222
1 0.555208 0.821296 0.018750 0.022222
1 0.541146 0.825463 0.018750 0.023148
1 0.525781 0.827315 0.017188 0.023148
1 0.511719 0.828241 0.017188 0.028704
0 0.601302 0.827778 0.005729 0.018519
0 0.640104 0.725926 0.005208 0.018519
0 0.648698 0.727315 0.004687 0.015741
0 0.617448 0.701852 0.003646 0.014815
0 0.695312 0.777778 0.003125 0.012963
0 0.803906 0.603241 0.002604 0.006481
0 0.726823 0.785185 0.003646 0.016667
0 0.814583 0.618056 0.002083 0.008333
0 0.692187 0.778704 0.003125 0.011111
0 0.827083 0.623611 0.002083 0.008333
0 0.680729 0.793519 0.004167 0.016667
0 0.776302 0.617593 0.002604 0.007407
0 0.697396 0.825926 0.006250 0.024074
0 0.898177 0.780556 0.004687 0.016667
2 0.944531 0.618056 0.008854 0.008333
0 0.969792 0.676389 0.004167 0.012037
0 0.897135 0.854167 0.005729 0.017593
0 0.900000 0.829630 0.004167 0.018519
0 0.839063 0.870833 0.005208 0.021296
0 0.848177 0.660648 0.002604 0.010185
0 0.969271 0.727778 0.003125 0.011111
0 0.988281 0.730556 0.003646 0.011111
1 0.501563 0.887963 0.032292 0.018519
1 0.513021 0.919444 0.030208 0.024074
1 0.520833 0.928704 0.035417 0.031481
1 0.528385 0.942593 0.035937 0.025926
1 0.532813 0.950000 0.026042 0.025926
1 0.536979 0.959722 0.028125 0.025000
1 0.542969 0.972222 0.034896 0.037037
0 0.570833 0.900926 0.007292 0.022222
1 0.590625 0.987500 0.018750 0.023148
1 0.612760 0.992130 0.019271 0.015741
1 0.692448 0.987963 0.024479 0.022222
1 0.709896 0.984722 0.025000 0.028704
1 0.728125 0.975926 0.027083 0.046296
1 0.746875 0.976852 0.023958 0.038889
1 0.764062 0.974074 0.028125 0.033333
1 0.783594 0.968056 0.025521 0.032407
0 0.977083 0.908333 0.005208 0.018519
0 0.848958 0.926389 0.004167 0.017593
1 0.505729 0.895370 0.032292 0.018519
1 0.508073 0.907870 0.034896 0.026852
1 0.382812 0.506944 0.008333 0.015741
1 0.391406 0.497222 0.007812 0.014815
