2 0.759896 0.532407 0.018750 0.027778
2 0.777865 0.538426 0.022396 0.032407
1 0.686198 0.580093 0.006771 0.010185
1 0.749740 0.555093 0.004687 0.006481
2 0.809635 0.543519 0.047396 0.033333
1 0.756771 0.555556 0.004167 0.005556
2 0.816667 0.478241 0.009375 0.049074
1 0.714583 0.555556 0.005208 0.009259
1 0.763281 0.566667 0.004687 0.005556
1 0.742969 0.556944 0.004687 0.006481
1 0.757292 0.566204 0.005208 0.006481
1 0.765625 0.561111 0.004167 0.005556
1 0.677865 0.582870 0.005729 0.008333
1 0.680208 0.595370 0.005208 0.011111
1 0.790365 0.556481 0.003646 0.005556
1 0.796615 0.557407 0.004687 0.007407
1 0.691146 0.579630 0.004167 0.007407
1 0.751302 0.565278 0.005729 0.006481
1 0.667969 0.586574 0.007812 0.008333
1 0.763281 0.555093 0.004687 0.006481
1 0.771615 0.564352 0.004687 0.010185
1 0.735677 0.540741 0.004687 0.005556
1 0.776042 0.556019 0.004167 0.006481
1 0.682292 0.582407 0.004167 0.007407
0 0.697917 0.581019 0.002083 0.006481
1 0.731510 0.538426 0.003646 0.006481
2 0.927083 0.530556 0.028125 0.038889
2 0.873437 0.487963 0.039583 0.040741
2 0.844792 0.550463 0.021875 0.028704
1 0.837240 0.575000 0.006771 0.007407
2 0.913281 0.495370 0.051562 0.038889
0 0.900781 0.574537 0.002604 0.008333
0 0.851302 0.575926 0.002604 0.009259
0 0.991406 0.537037 0.001563 0.007407
1 0.058073 0.816667 0.015104 0.020370
1 0.079948 0.708333 0.018229 0.014815
1 0.063021 0.720833 0.017708 0.012037
1 0.075521 0.814352 0.022917 0.026852
1 0.086198 0.832870 0.026562 0.019444
1 0.309375 0.845370 0.020833 0.020370
1 0.330469 0.637037 0.011979 0.011111
0 0.327865 0.852315 0.004687 0.019444
0 0.333854 0.852778 0.008333 0.020370
1 0.363021 0.847222 0.016667 0.022222
1 0.398958 0.640741 0.009375 0.009259
1 0.408594 0.640741 0.010937 0.009259
1 0.429427 0.637500 0.008854 0.010185
1 0.452083 0.636111 0.010417 0.009259
1 0.467708 0.634259 0.011458 0.011111
1 0.479427 0.632407 0.011979 0.011111
1 0.486719 0.637963 0.009896 0.011111
0 0.334115 0.852315 0.000521 0.019444
0 0.360417 0.855093 0.006250 0.021296
1 0.397656 0.650463 0.013021 0.013889
1 0.387760 0.644444 0.015104 0.011111
1 0.422396 0.646296 0.013542 0.011111
1 0.346354 0.892593 0.018750 0.038889
1 0.471094 0.645833 0.008854 0.010185
1 0.409375 0.654630 0.013542 0.012963
1 0.445052 0.642593 0.009896 0.009259
1 0.475781 0.641204 0.007812 0.008333
1 0.420833 0.640741 0.011458 0.007407
1 0.361198 0.898611 0.016146 0.034259
1 0.330469 0.613426 0.015104 0.021296
1 0.396354 0.622685 0.008333 0.012037
1 0.409115 0.645833 0.010937 0.006481
1 0.527083 0.768519 0.009375 0.020370
1 0.595052 0.831944 0.010937 0.021296
1 0.593490 0.623611 0.014063 0.012037
1 0.578125 0.612963 0.011458 0.009259
1 0.632552 0.600463 0.008854 0.010185
1 0.565885 0.630556 0.011979 0.011111
1 0.587240 0.610185 0.008854 0.009259
1 0.577344 0.620833 0.008854 0.010185
1 0.615625 0.603704 0.009375 0.009259
1 0.605990 0.605093 0.009896 0.006481
1 0.609375 0.662037 0.013542 0.009259
1 0.586198 0.620370 0.005729 0.011111
1 0.646615 0.597222 0.007812 0.009259
1 0.520573 0.627315 0.009896 0.010185
1 0.608854 0.657407 0.015625 0.012963
1 0.612760 0.611574 0.005729 0.006481
1 0.596354 0.608796 0.008333 0.008333
1 0.615885 0.679167 0.011979 0.012037
1 0.507552 0.640278 0.011979 0.010185
1 0.639583 0.598148 0.008333 0.009259
1 0.638802 0.602778 0.005729 0.009259
1 0.611198 0.620370 0.009896 0.009259
1 0.522917 0.637963 0.010417 0.011111
1 0.578906 0.630093 0.013021 0.008333
1 0.781250 0.829630 0.033333 0.029630
1 0.822135 0.807870 0.021354 0.034259
1 0.759375 0.775926 0.015625 0.025926
1 0.828646 0.638889 0.009375 0.011111
1 0.787760 0.775000 0.015104 0.020370
1 0.814323 0.895370 0.038021 0.037037
1 0.754167 0.600000 0.006250 0.009259
1 0.806771 0.880093 0.020833 0.017593
1 0.919531 0.843056 0.021354 0.023148
1 0.955469 0.843056 0.016146 0.017593
1 0.871615 0.843056 0.018229 0.023148
1 0.856771 0.812963 0.017708 0.022222
1 0.916146 0.812500 0.019792 0.021296
1 0.937500 0.843056 0.020833 0.025000
1 0.890625 0.809722 0.019792 0.025000
1 0.839844 0.813426 0.014063 0.026852
1 0.893490 0.849537 0.022396 0.025000
1 0.930990 0.810648 0.020313 0.023148
1 0.875521 0.810648 0.019792 0.023148
1 0.902604 0.841667 0.017708 0.020370
1 0.935417 0.799074 0.029167 0.016667
0 0.976823 0.750926 0.004687 0.016667
0 0.898698 0.663889 0.002604 0.011111
0 0.894010 0.664352 0.002604 0.010185
0 0.842708 0.629167 0.004167 0.012037
0 0.861458 0.860648 0.004167 0.015741
0 0.896354 0.664352 0.002083 0.010185
0 0.965104 0.840741 0.004167 0.020370
0 0.910417 0.862037 0.004167 0.020370
0 0.917708 0.856944 0.004167 0.019444
1 0.088021 0.903241 0.023958 0.026852
1 0.822396 0.921296 0.020833 0.020370
1 0.830990 0.912037 0.029687 0.020370
0 0.779427 0.905093 0.007812 0.030556
1 0.835938 0.946296 0.037500 0.024074
1 0.824219 0.902315 0.018229 0.015741
0 0.786458 0.906944 0.005208 0.025000
1 0.769010 0.885648 0.018229 0.023148
1 0.843750 0.956481 0.039583 0.035185
1 0.828385 0.956019 0.009896 0.028704
1 0.861979 0.989352 0.038542 0.021296
1 0.849219 0.968519 0.036979 0.033333
0 0.923698 0.899537 0.005729 0.019444
0 0.927083 0.898148 0.004167 0.016667
1 0.853646 0.981481 0.029167 0.020370
0 0.759896 0.882870 0.004167 0.015741
1 0.831771 0.933333 0.030208 0.020370
