1 0.794010 0.589815 0.010937 0.011111
1 0.804688 0.586111 0.008333 0.009259
1 0.787240 0.590741 0.007812 0.003704
2 0.951042 0.555556 0.081250 0.040741
2 0.883594 0.531944 0.026562 0.050926
2 0.894792 0.509259 0.019792 0.044444
1 0.888542 0.571296 0.005208 0.007407
1 0.903385 0.565278 0.004687 0.006481
2 0.844010 0.543981 0.020313 0.030556
1 0.909375 0.565278 0.004167 0.006481
1 0.924479 0.567130 0.004167 0.006481
1 0.916406 0.565741 0.004687 0.005556
1 0.890625 0.563426 0.004167 0.006481
1 0.905208 0.571296 0.004167 0.005556
1 0.896354 0.571296 0.007292 0.009259
1 0.883073 0.563426 0.005729 0.008333
1 0.865104 0.564352 0.005208 0.006481
1 0.897656 0.563889 0.005729 0.007407
1 0.874479 0.574537 0.005208 0.006481
1 0.892969 0.568981 0.003646 0.006481
1 0.871354 0.568519 0.004167 0.007407
2 0.945573 0.483796 0.011979 0.052778
1 0.920833 0.569907 0.004167 0.006481
2 0.989062 0.501389 0.021875 0.015741
1 0.919792 0.475463 0.012500 0.010185
1 0.014063 0.757870 0.012500 0.019444
1 0.022917 0.759722 0.013542 0.017593
1 0.007812 0.756944 0.014583 0.023148
1 0.009635 0.817130 0.018229 0.030556
1 0.185417 0.791667 0.012500 0.020370
1 0.201042 0.790278 0.020833 0.026852
1 0.211979 0.808333 0.025000 0.022222
1 0.213021 0.872685 0.021875 0.026852
1 0.201302 0.695833 0.015104 0.013889
1 0.420573 0.836111 0.021354 0.022222
1 0.455469 0.882870 0.019271 0.041667
1 0.470313 0.888889 0.017708 0.031481
1 0.444531 0.632407 0.009896 0.009259
1 0.636979 0.774074 0.012500 0.022222
1 0.649219 0.775000 0.010937 0.018519
1 0.661979 0.775463 0.011458 0.019444
1 0.632292 0.636111 0.011458 0.012963
1 0.560417 0.636111 0.012500 0.011111
1 0.569271 0.635185 0.011458 0.011111
1 0.581250 0.635185 0.011458 0.011111
1 0.591667 0.632870 0.009375 0.012037
1 0.602083 0.631944 0.012500 0.012037
0 0.615104 0.626852 0.005208 0.012963
1 0.707292 0.842593 0.013542 0.020370
1 0.682031 0.628241 0.009896 0.012037
1 0.700521 0.624074 0.009375 0.014815
1 0.709896 0.622685 0.007292 0.013889
1 0.798177 0.601389 0.006771 0.012037
1 0.723958 0.664815 0.016667 0.012963
1 0.710417 0.613889 0.012500 0.011111
1 0.719792 0.611574 0.011458 0.010185
1 0.746875 0.614815 0.007292 0.012963
1 0.755990 0.614352 0.006771 0.012037
1 0.790885 0.604167 0.004687 0.008333
1 0.719531 0.619444 0.007812 0.011111
1 0.728385 0.618056 0.007812 0.010185
1 0.729427 0.682870 0.015104 0.012037
1 0.735417 0.623148 0.013542 0.009259
1 0.729948 0.609259 0.013021 0.011111
1 0.785417 0.596759 0.006250 0.006481
1 0.746875 0.604167 0.009375 0.008333
1 0.758854 0.601389 0.009375 0.008333
1 0.900000 0.843056 0.032292 0.025000
1 0.866667 0.794907 0.014583 0.019444
1 0.882812 0.795370 0.016667 0.022222
1 0.913021 0.795370 0.016667 0.022222
1 0.950781 0.837500 0.020313 0.028704
1 0.967969 0.839352 0.020313 0.026852
1 0.992188 0.839352 0.015625 0.025000
1 0.960417 0.868056 0.019792 0.032407
1 0.978125 0.873148 0.020833 0.025926
1 0.992448 0.873148 0.015104 0.027778
1 0.928906 0.902778 0.040104 0.031481
1 0.935417 0.917130 0.028125 0.019444
1 0.945052 0.927778 0.039062 0.020370
1 0.952344 0.950000 0.042188 0.029630
1 0.957552 0.965741 0.035937 0.020370
1 0.967708 0.978704 0.044792 0.029630
1 0.975521 0.990278 0.043750 0.017593
1 0.835938 0.498611 0.008333 0.012037
