2 0.476302 0.280556 0.016146 0.007407
1 0.334375 0.419907 0.007292 0.008333
1 0.182292 0.537963 0.015625 0.011111
2 0.327083 0.399074 0.025000 0.025926
1 0.190625 0.553704 0.013542 0.011111
1 0.328385 0.420833 0.006771 0.008333
2 0.331771 0.389352 0.019792 0.030556
1 0.327083 0.452778 0.006250 0.009259
1 0.286719 0.414352 0.005729 0.010185
1 0.311719 0.369444 0.006771 0.016667
1 0.294010 0.380556 0.005729 0.009259
1 0.341146 0.419907 0.007292 0.008333
0 0.411979 0.460648 0.002083 0.010185
2 0.369271 0.364815 0.016667 0.029630
2 0.434375 0.340741 0.034375 0.031481
2 0.481510 0.370833 0.023438 0.036111
2 0.381771 0.393981 0.055208 0.030556
1 0.402083 0.483333 0.010417 0.007407
1 0.400000 0.480556 0.010417 0.007407
1 0.346615 0.410648 0.004687 0.004630
1 0.356771 0.411574 0.005208 0.008333
1 0.362240 0.412500 0.004687 0.006481
1 0.401302 0.406944 0.003646 0.006481
2 0.510156 0.351389 0.019271 0.021296
2 0.532813 0.410648 0.010417 0.041667
1 0.136979 0.661111 0.009375 0.022222
1 0.096615 0.668981 0.011979 0.021296
1 0.339583 0.622222 0.014583 0.024074
1 0.177083 0.715741 0.013542 0.022222
1 0.366667 0.616204 0.014583 0.019444
1 0.386198 0.711111 0.029687 0.027778
1 0.433333 0.792593 0.027083 0.029630
1 0.440625 0.801852 0.031250 0.037037
1 0.378125 0.767130 0.020833 0.036111
1 0.445573 0.631944 0.017188 0.021296
1 0.417448 0.766667 0.030729 0.024074
1 0.398698 0.641667 0.019271 0.031481
1 0.480469 0.625926 0.016146 0.018519
1 0.412240 0.755556 0.029687 0.024074
1 0.414323 0.642130 0.013021 0.023148
0 0.351823 0.693981 0.004687 0.019444
1 0.500521 0.697222 0.008333 0.016667
0 0.574740 0.659722 0.005729 0.019444
0 0.580990 0.657870 0.005729 0.021296
0 0.721875 0.741667 0.005208 0.020370
0 0.731250 0.717130 0.004167 0.015741
0 0.717448 0.740741 0.003646 0.016667
0 0.695833 0.620833 0.004167 0.013889
1 0.869271 0.847222 0.012500 0.020370
0 0.914062 0.728704 0.004167 0.018519
0 0.872396 0.842130 0.006250 0.026852
1 0.488021 0.989815 0.023958 0.018519
