2 0.723177 0.415741 0.005729 0.016667
0 0.005469 0.858796 0.005729 0.023148
0 0.032292 0.870833 0.005208 0.021296
0 0.035677 0.818056 0.005729 0.017593
0 0.065104 0.815741 0.005208 0.020370
0 0.095573 0.805093 0.005729 0.017593
0 0.048438 0.828241 0.004167 0.013889
0 0.057031 0.823148 0.004687 0.014815
0 0.057813 0.749074 0.006250 0.007407
0 0.088802 0.808796 0.004687 0.013889
0 0.104167 0.823611 0.005208 0.012037
0 0.108854 0.821759 0.005208 0.012037
0 0.215625 0.750000 0.005208 0.016667
0 0.223438 0.747685 0.004167 0.013889
0 0.309635 0.687037 0.003646 0.012963
2 0.193750 0.702778 0.014583 0.011111
0 0.207031 0.753241 0.003646 0.015741
0 0.204687 0.754630 0.003125 0.011111
0 0.196875 0.757407 0.004167 0.007407
0 0.432812 0.658796 0.004167 0.010185
0 0.435937 0.646296 0.004167 0.014815
0 0.513021 0.623611 0.003125 0.012037
0 0.522917 0.618519 0.004167 0.007407
