2 0.226562 0.480556 0.013542 0.031481
2 0.316667 0.458796 0.009375 0.023148
2 0.525260 0.494444 0.006771 0.007407
2 0.080208 0.676389 0.015625 0.008333
0 0.043490 0.868519 0.005729 0.020370
0 0.049479 0.865741 0.005208 0.022222
0 0.101562 0.846759 0.006250 0.017593
0 0.104688 0.779167 0.006250 0.012037
0 0.144010 0.788889 0.005729 0.007407
0 0.149740 0.782407 0.005729 0.011111
0 0.046615 0.789815 0.005729 0.007407
0 0.037760 0.787037 0.005729 0.007407
0 0.150260 0.840278 0.007812 0.013889
0 0.175781 0.755556 0.005729 0.011111
0 0.175781 0.845833 0.004687 0.017593
0 0.214323 0.789815 0.004687 0.012963
0 0.177344 0.842593 0.005729 0.018519
0 0.243229 0.715278 0.005208 0.008333
0 0.367448 0.726389 0.004687 0.019444
0 0.554167 0.638889 0.003125 0.009259
0 0.736198 0.618981 0.003646 0.010185
0 0.723958 0.615741 0.003125 0.009259
0 0.734896 0.596296 0.003125 0.005556
