2 0.311979 0.452778 0.018750 0.011111
2 0.181771 0.486111 0.010417 0.007407
2 0.377865 0.491667 0.007812 0.007407
2 0.681771 0.435185 0.004167 0.009259
2 0.982031 0.442130 0.007812 0.023148
2 0.365104 0.695370 0.008333 0.007407
0 0.484635 0.820370 0.004687 0.016667
0 0.485938 0.837500 0.005208 0.021296
0 0.424479 0.865278 0.004167 0.015741
0 0.364323 0.687500 0.003646 0.012037
2 0.658073 0.716667 0.013021 0.007407
0 0.544792 0.816667 0.005208 0.014815
0 0.575781 0.819907 0.003646 0.013889
0 0.604427 0.814815 0.005729 0.022222
0 0.627083 0.805556 0.005208 0.014815
0 0.658333 0.805093 0.005208 0.017593
0 0.663802 0.805093 0.004687 0.021296
2 0.555469 0.725926 0.008854 0.007407
0 0.561458 0.840741 0.006250 0.012963
0 0.592708 0.818519 0.004167 0.012963
0 0.583073 0.818981 0.003646 0.013889
0 0.657813 0.709259 0.004167 0.014815
0 0.758594 0.753241 0.003646 0.013889
0 0.809896 0.782870 0.004167 0.015741
0 0.787760 0.810185 0.004687 0.018519
0 0.719531 0.819444 0.004687 0.011111
0 0.779167 0.796296 0.005208 0.011111
0 0.765625 0.752778 0.003125 0.009259
2 0.688281 0.757870 0.010937 0.008333
0 0.714844 0.820370 0.004687 0.011111
0 0.845052 0.743981 0.005729 0.012037
0 0.952604 0.747222 0.004167 0.012963
0 0.969792 0.738889 0.005208 0.012963
0 0.977344 0.731944 0.004687 0.012037
0 0.885156 0.768981 0.003646 0.010185
