2 0.494531 0.482407 0.014063 0.009259
2 0.647917 0.487963 0.006250 0.009259
2 0.863281 0.442593 0.003646 0.012963
2 0.913281 0.460185 0.006771 0.007407
0 0.107292 0.845370 0.005208 0.012963
0 0.117448 0.843056 0.006771 0.013889
0 0.150781 0.839352 0.004687 0.013889
2 0.264583 0.633796 0.013542 0.008333
0 0.176563 0.830093 0.005208 0.015741
0 0.290104 0.792130 0.005208 0.021296
0 0.288021 0.837500 0.005208 0.017593
0 0.294010 0.836111 0.004687 0.018519
0 0.306250 0.786574 0.004167 0.017593
0 0.310417 0.733333 0.004167 0.011111
0 0.201823 0.771296 0.003646 0.014815
0 0.312240 0.789352 0.004687 0.010185
0 0.317188 0.788426 0.005208 0.010185
0 0.263281 0.628704 0.003646 0.011111
0 0.216406 0.823611 0.005729 0.012037
0 0.221615 0.825926 0.005729 0.016667
2 0.416406 0.625926 0.009896 0.009259
0 0.355469 0.735648 0.003646 0.013889
0 0.426823 0.746759 0.004687 0.017593
0 0.385937 0.715278 0.004167 0.006481
0 0.439063 0.741667 0.005208 0.012963
0 0.814063 0.608796 0.003125 0.010185
0 0.781771 0.607407 0.003125 0.009259
0 0.765365 0.610648 0.004687 0.008333
0 0.728385 0.646759 0.003646 0.015741
0 0.822656 0.618519 0.003646 0.009259
