2 0.374219 0.476389 0.011979 0.028704
2 0.544792 0.458796 0.006250 0.006481
2 0.667969 0.467593 0.006771 0.005556
2 0.729688 0.533333 0.007292 0.007407
2 0.687760 0.531019 0.005729 0.006481
0 0.164323 0.803241 0.006771 0.017593
0 0.165625 0.686574 0.005208 0.015741
0 0.047656 0.787037 0.004687 0.011111
0 0.148698 0.853241 0.006771 0.015741
0 0.142187 0.850463 0.007292 0.015741
0 0.165365 0.831019 0.005729 0.012037
0 0.159635 0.833333 0.006771 0.012963
0 0.125000 0.835648 0.006250 0.025000
0 0.133333 0.842130 0.008333 0.013889
0 0.170833 0.801852 0.006250 0.016667
0 0.189583 0.788889 0.005208 0.018519
0 0.213021 0.787500 0.006250 0.017593
0 0.292708 0.747685 0.005208 0.012037
0 0.181771 0.801389 0.006250 0.015741
0 0.416406 0.687037 0.004687 0.012963
0 0.350521 0.697685 0.004167 0.008333
0 0.355469 0.732870 0.004687 0.017593
0 0.614583 0.629167 0.004167 0.008333
0 0.617188 0.625463 0.004167 0.008333
0 0.543229 0.668056 0.004167 0.008333
0 0.538542 0.672685 0.004167 0.008333
