0 0.011458 0.587963 0.002083 0.007407
0 0.017448 0.588889 0.002604 0.007407
2 0.212500 0.585648 0.021875 0.006481
2 0.239323 0.476852 0.004687 0.009259
0 0.206510 0.581019 0.003646 0.006481
0 0.216927 0.581019 0.003646 0.006481
2 0.385417 0.502315 0.010417 0.015741
2 0.433854 0.463889 0.009375 0.009259
2 0.576302 0.581481 0.011979 0.009259
0 0.059635 0.619444 0.002604 0.009259
0 0.048177 0.602315 0.002604 0.008333
0 0.065104 0.621759 0.003125 0.008333
0 0.068750 0.621759 0.003125 0.008333
0 0.072396 0.622685 0.003125 0.010185
0 0.075000 0.625463 0.003125 0.008333
0 0.045052 0.603241 0.002604 0.008333
0 0.013281 0.606019 0.002604 0.008333
0 0.011719 0.606019 0.002604 0.008333
0 0.192188 0.654167 0.003125 0.010185
0 0.379427 0.677315 0.003646 0.010185
0 0.503385 0.746759 0.004687 0.019444
0 0.566667 0.788889 0.005208 0.009259
0 0.572396 0.789815 0.005208 0.009259
