2 0.219531 0.482870 0.009896 0.021296
2 0.220833 0.461111 0.016667 0.011111
2 0.390365 0.468981 0.007812 0.006481
2 0.550260 0.447222 0.004687 0.009259
2 0.609375 0.476389 0.007292 0.006481
2 0.904948 0.467593 0.011979 0.027778
2 0.518229 0.792593 0.015625 0.011111
0 0.536979 0.786574 0.004167 0.012037
0 0.549740 0.780556 0.005729 0.012963
0 0.569531 0.782407 0.004687 0.014815
0 0.574219 0.782870 0.004687 0.013889
0 0.535937 0.850463 0.004167 0.019444
0 0.596615 0.831481 0.004687 0.016667
0 0.636458 0.883333 0.006250 0.011111
0 0.542188 0.862037 0.004167 0.016667
0 0.695573 0.858333 0.004687 0.022222
0 0.695312 0.822222 0.005208 0.020370
0 0.704688 0.823611 0.007292 0.019444
0 0.755208 0.801389 0.004167 0.012037
0 0.761719 0.811111 0.005729 0.016667
0 0.774740 0.814815 0.005729 0.020370
0 0.780729 0.813426 0.005208 0.021296
0 0.776823 0.794444 0.005729 0.011111
0 0.769010 0.803241 0.005729 0.008333
0 0.812240 0.767130 0.004687 0.012037
0 0.807813 0.796759 0.007292 0.013889
0 0.810937 0.784259 0.004167 0.011111
0 0.865104 0.810648 0.006250 0.021296
0 0.862240 0.808796 0.004687 0.021296
0 0.836458 0.834259 0.005208 0.012963
