2 0.151302 0.544907 0.011979 0.010185
2 0.829427 0.431481 0.006771 0.016667
2 0.955990 0.427778 0.005729 0.012963
0 0.246094 0.868519 0.005729 0.024074
0 0.261198 0.871296 0.006771 0.024074
0 0.251042 0.823611 0.006250 0.017593
0 0.325000 0.837963 0.005208 0.024074
0 0.291667 0.854630 0.005208 0.014815
0 0.218490 0.868519 0.004687 0.014815
0 0.202865 0.869444 0.007812 0.016667
0 0.325000 0.820833 0.004167 0.015741
0 0.329167 0.819907 0.004167 0.015741
0 0.395313 0.806944 0.005208 0.015741
0 0.407031 0.807870 0.005729 0.019444
0 0.485417 0.776852 0.004167 0.012963
0 0.500521 0.776852 0.006250 0.018519
2 0.388021 0.677315 0.008333 0.006481
0 0.525781 0.781481 0.004687 0.016667
0 0.583073 0.758333 0.003646 0.016667
0 0.587500 0.759722 0.004167 0.017593
0 0.600260 0.760185 0.004687 0.011111
0 0.611719 0.749074 0.003646 0.012963
0 0.620313 0.745370 0.004167 0.012963
0 0.628646 0.692593 0.005208 0.009259
0 0.651302 0.692593 0.003646 0.007407
0 0.650521 0.735648 0.003125 0.012037
0 0.646615 0.735648 0.003646 0.013889
0 0.942187 0.656944 0.004167 0.013889
0 0.946354 0.657407 0.004167 0.014815
0 0.921875 0.644444 0.004167 0.011111
0 0.966146 0.628241 0.003125 0.010185
0 0.960677 0.628704 0.002604 0.005556
0 0.971615 0.629630 0.003646 0.009259
