2 0.264844 0.489815 0.005729 0.007407
2 0.320052 0.492593 0.005729 0.007407
2 0.333854 0.581481 0.016667 0.007407
0 0.295312 0.645370 0.003125 0.009259
0 0.319010 0.659722 0.003646 0.012037
0 0.314323 0.657870 0.003646 0.012037
0 0.314583 0.637037 0.003125 0.009259
2 0.497656 0.603704 0.004687 0.007407
0 0.452344 0.673611 0.002604 0.008333
0 0.434635 0.666667 0.004687 0.007407
2 0.501042 0.601852 0.001042 0.007407
2 0.511719 0.602315 0.009896 0.008333
0 0.643229 0.735648 0.005208 0.012037
0 0.615885 0.722222 0.003646 0.011111
0 0.658594 0.768519 0.004687 0.016667
0 0.595833 0.745833 0.004167 0.019444
0 0.670312 0.737037 0.005208 0.011111
