2 0.037500 0.690278 0.034375 0.127778
2 0.180469 0.580556 0.087500 0.058333
2 0.231641 0.615278 0.010156 0.016667
2 0.076953 0.466667 0.014844 0.008333
2 0.269141 0.752778 0.016406 0.025000
2 0.378516 0.577778 0.078906 0.041667
2 0.530859 0.752083 0.128906 0.087500
2 0.311328 0.616667 0.010156 0.011111
2 0.604297 0.779861 0.030469 0.151389
2 0.831641 0.836806 0.053906 0.131944
2 0.807422 0.715972 0.032031 0.134722
0 0.857031 0.750000 0.003125 0.011111
0 0.860156 0.751389 0.003125 0.011111
0 0.862500 0.751389 0.003125 0.011111
0 0.933984 0.797222 0.003906 0.013889
0 0.948047 0.788889 0.005469 0.011111
0 0.941406 0.788194 0.004687 0.012500
0 0.998047 0.804167 0.002344 0.011111
2 0.550781 0.555556 0.073438 0.080556
