2 0.111719 0.761111 0.137500 0.100000
2 0.064062 0.721528 0.076563 0.106944
2 0.270313 0.823611 0.028125 0.027778
2 0.301172 0.784722 0.021094 0.038889
2 0.480078 0.601389 0.016406 0.069444
2 0.462891 0.599306 0.013281 0.065278
2 0.443359 0.589583 0.017969 0.018056
2 0.605078 0.759722 0.017969 0.025000
2 0.537109 0.597917 0.039844 0.026389
2 0.584375 0.602083 0.010937 0.012500
2 0.593359 0.604167 0.010156 0.013889
2 0.708203 0.582639 0.082031 0.037500
2 0.744531 0.613194 0.018750 0.015278
2 0.717578 0.610417 0.024219 0.018056
2 0.514844 0.586111 0.026562 0.022222
2 0.742969 0.711111 0.014063 0.016667
2 0.966797 0.837500 0.064844 0.041667
2 0.952734 0.784028 0.094531 0.068056
2 0.852734 0.824306 0.055469 0.081944
2 0.805078 0.618056 0.027344 0.055556
2 0.913281 0.571528 0.040625 0.048611
2 0.956250 0.559722 0.039062 0.083333
2 0.792578 0.724306 0.014844 0.018056
0 0.784375 0.834722 0.006250 0.022222
