2 0.323437 0.454167 0.031250 0.027778
0 0.349219 0.888194 0.007812 0.023611
0 0.376172 0.865278 0.005469 0.022222
0 0.382422 0.867361 0.005469 0.020833
0 0.395313 0.862500 0.006250 0.022222
0 0.400391 0.864583 0.005469 0.020833
0 0.405469 0.854167 0.006250 0.019444
0 0.416016 0.860417 0.005469 0.020833
0 0.422656 0.858333 0.006250 0.019444
2 0.565625 0.824306 0.040625 0.045833
2 0.717578 0.718056 0.063281 0.116667
2 0.869141 0.749306 0.089844 0.120833
2 0.806641 0.777778 0.111719 0.066667
2 0.775000 0.731944 0.048438 0.086111
0 0.961719 0.984722 0.006250 0.027778
