2 0.325000 0.390972 0.073438 0.073611
0 0.142969 0.605556 0.003125 0.011111
0 0.083594 0.595139 0.003125 0.009722
0 0.125781 0.570833 0.003125 0.011111
0 0.137891 0.603472 0.003906 0.012500
0 0.105859 0.620833 0.003906 0.013889
0 0.085938 0.594444 0.003125 0.011111
0 0.180078 0.581944 0.003906 0.013889
0 0.058984 0.604861 0.003906 0.015278
0 0.067578 0.607639 0.003906 0.015278
0 0.073828 0.615972 0.003906 0.015278
0 0.190234 0.615972 0.003906 0.012500
0 0.186328 0.614583 0.003906 0.012500
0 0.191016 0.582639 0.003906 0.012500
2 0.083984 0.525694 0.014844 0.012500
2 0.082031 0.514583 0.012500 0.012500
2 0.063281 0.518750 0.014063 0.026389
2 0.009766 0.516667 0.005469 0.011111
2 0.015234 0.520833 0.005469 0.011111
2 0.040234 0.510417 0.005469 0.018056
2 0.044922 0.511806 0.005469 0.018056
2 0.055859 0.514583 0.010156 0.026389
2 0.103125 0.517361 0.012500 0.012500
0 0.178516 0.604861 0.003906 0.012500
0 0.160547 0.593750 0.003906 0.012500
0 0.157812 0.595139 0.003125 0.012500
2 0.381641 0.495139 0.011719 0.012500
0 0.282031 0.623611 0.003125 0.011111
0 0.278125 0.622917 0.003125 0.009722
0 0.288281 0.620833 0.003125 0.011111
0 0.291406 0.622222 0.003125 0.011111
0 0.261328 0.610417 0.003906 0.012500
0 0.351562 0.627083 0.003125 0.009722
0 0.361328 0.631250 0.003906 0.012500
0 0.369922 0.632639 0.003906 0.012500
0 0.339453 0.629167 0.003906 0.013889
0 0.336719 0.625694 0.003125 0.009722
0 0.332813 0.625694 0.003125 0.009722
0 0.434766 0.643750 0.003906 0.012500
0 0.437891 0.643750 0.003906 0.012500
0 0.588281 0.648611 0.003125 0.011111
0 0.506250 0.647222 0.003125 0.011111
0 0.595703 0.652778 0.003906 0.013889
0 0.561719 0.653472 0.003125 0.012500
0 0.558594 0.652083 0.003125 0.012500
0 0.592578 0.654167 0.003906 0.013889
2 0.784375 0.534028 0.028125 0.020833
2 0.876172 0.547222 0.011719 0.013889
2 0.067969 0.955556 0.025000 0.022222
