2 0.011328 0.867361 0.021094 0.020833
2 0.027734 0.863889 0.022656 0.019444
2 0.087109 0.895833 0.024219 0.022222
2 0.156250 0.606944 0.026562 0.022222
2 0.184766 0.612500 0.021094 0.016667
2 0.032813 0.770833 0.020313 0.025000
0 0.015625 0.727083 0.004687 0.012500
2 0.421094 0.747222 0.168750 0.094444
2 0.292578 0.814583 0.060156 0.073611
2 0.361328 0.564583 0.085156 0.065278
2 0.670703 0.806250 0.028906 0.026389
2 0.600000 0.779861 0.018750 0.023611
2 0.582422 0.774306 0.017969 0.020833
0 0.698828 0.786111 0.003906 0.011111
2 0.700391 0.811111 0.027344 0.036111
1 0.770312 0.782639 0.034375 0.031944
