2 0.136328 0.708333 0.103906 0.108333
2 0.171484 0.775000 0.100781 0.141667
2 0.085547 0.767361 0.153906 0.195833
2 0.448047 0.859028 0.030469 0.165278
2 0.495312 0.803472 0.023438 0.170833
2 0.342969 0.638194 0.009375 0.018056
2 0.561328 0.756944 0.028906 0.025000
2 0.673047 0.732639 0.017969 0.026389
2 0.558203 0.597222 0.014844 0.016667
2 0.595313 0.582639 0.014063 0.012500
2 0.516797 0.556250 0.030469 0.015278
2 0.835156 0.534028 0.010937 0.040278
2 0.814844 0.680556 0.015625 0.019444
2 0.864062 0.691667 0.015625 0.016667
