2 0.052734 0.453472 0.032031 0.015278
2 0.486719 0.861111 0.034375 0.033333
0 0.328906 0.886111 0.007812 0.002778
0 0.406641 0.862500 0.005469 0.019444
0 0.469922 0.808333 0.005469 0.016667
0 0.461719 0.770139 0.004687 0.015278
0 0.455859 0.833333 0.003906 0.016667
0 0.485938 0.815972 0.004687 0.015278
0 0.464844 0.823611 0.004687 0.013889
0 0.458984 0.836111 0.003906 0.016667
2 0.528906 0.821528 0.040625 0.048611
2 0.733984 0.690278 0.091406 0.094444
2 0.860938 0.701389 0.034375 0.047222
2 0.894141 0.671528 0.038281 0.095833
0 0.330078 0.898611 0.005469 0.016667
2 0.664844 0.939583 0.015625 0.009722
0 0.665234 0.929861 0.005469 0.020833
0 0.607031 0.986806 0.006250 0.015278
