2 0.189453 0.788889 0.032031 0.041667
2 0.160938 0.773611 0.020313 0.025000
2 0.258594 0.602083 0.053125 0.034722
2 0.062500 0.590278 0.021875 0.016667
2 0.017188 0.614583 0.014063 0.051389
2 0.081250 0.609722 0.028125 0.019444
1 0.375391 0.810417 0.032031 0.076389
2 0.364453 0.624306 0.028906 0.034722
2 0.350781 0.714583 0.015625 0.012500
2 0.303516 0.704167 0.017969 0.016667
2 0.614062 0.818056 0.034375 0.030556
2 0.698828 0.781944 0.032031 0.033333
2 0.820703 0.830556 0.027344 0.033333
0 0.782422 0.760417 0.003906 0.012500
