2 0.145313 0.701389 0.010937 0.011111
2 0.060937 0.665972 0.012500 0.015278
2 0.156641 0.483333 0.027344 0.016667
2 0.499219 0.810417 0.031250 0.040278
0 0.430078 0.809028 0.003906 0.015278
0 0.433203 0.805556 0.003906 0.016667
0 0.444922 0.807639 0.003906 0.018056
0 0.355469 0.866667 0.004687 0.016667
2 0.718750 0.781250 0.084375 0.129167
2 0.667969 0.725000 0.070312 0.100000
2 0.653516 0.819444 0.108594 0.069444
2 0.545703 0.791667 0.022656 0.025000
2 0.928906 0.794444 0.015625 0.016667
2 0.922656 0.779167 0.012500 0.016667
2 0.869922 0.550000 0.007031 0.019444
1 0.014453 0.943056 0.027344 0.030556
2 0.487109 0.965278 0.014844 0.013889
2 0.536328 0.924306 0.017969 0.023611
