2 0.101172 0.536806 0.192969 0.143056
0 0.234375 0.825694 0.006250 0.023611
0 0.228906 0.820833 0.006250 0.022222
0 0.207813 0.814583 0.004687 0.023611
2 0.064062 0.650694 0.034375 0.045833
0 0.212500 0.814583 0.004687 0.023611
0 0.060937 0.722917 0.004687 0.023611
0 0.052344 0.720833 0.006250 0.019444
2 0.195312 0.636806 0.025000 0.112500
2 0.024219 0.618056 0.015625 0.111111
2 0.548438 0.595833 0.051562 0.047222
2 0.666406 0.618750 0.028125 0.015278
2 0.611328 0.550694 0.105469 0.087500
2 0.729688 0.609028 0.085938 0.134722
2 0.710547 0.856250 0.036719 0.031944
2 0.674219 0.836806 0.028125 0.065278
2 0.603516 0.830556 0.032031 0.030556
0 0.758203 0.720139 0.005469 0.020833
0 0.762891 0.717361 0.005469 0.020833
2 0.292578 0.925000 0.035156 0.069444
2 0.038281 0.618056 0.015625 0.111111
