2 0.366797 0.420833 0.014844 0.041667
2 0.658594 0.433333 0.012500 0.066667
2 0.633594 0.424306 0.010937 0.045833
2 0.097656 0.538889 0.178125 0.144444
2 0.033203 0.661111 0.024219 0.025000
2 0.041406 0.609028 0.015625 0.090278
2 0.017969 0.569444 0.014063 0.152778
2 0.292969 0.915972 0.039062 0.104167
2 0.548438 0.597917 0.051562 0.045833
2 0.666016 0.620139 0.027344 0.015278
2 0.732422 0.606250 0.078906 0.137500
0 0.828906 0.650694 0.004687 0.015278
0 0.824609 0.650000 0.003906 0.013889
2 0.213672 0.944444 0.072656 0.108333
0 0.206641 0.980556 0.005469 0.027778
0 0.233984 0.986806 0.008594 0.020833
