2 0.161458 0.470833 0.012500 0.045370
2 0.089323 0.468056 0.007812 0.037963
2 0.089844 0.473611 0.006771 0.043519
2 0.038542 0.474537 0.012500 0.043519
2 0.017708 0.466204 0.007292 0.034259
2 0.036198 0.466667 0.007812 0.042593
2 0.031771 0.465278 0.006250 0.037963
2 0.047135 0.470833 0.007812 0.028704
2 0.195573 0.468981 0.019271 0.043519
1 0.458073 0.477778 0.009896 0.007407
1 0.590885 0.495833 0.011979 0.008333
2 0.857292 0.579167 0.284375 0.158333
0 0.690365 0.604630 0.009896 0.027778
1 0.812240 0.498611 0.010937 0.013889
1 0.825521 0.500463 0.014583 0.013889
1 0.061719 0.928241 0.091146 0.082407
1 0.102604 0.965741 0.090625 0.066667
1 0.126302 0.977315 0.096354 0.045370
