2 0.113802 0.513426 0.005729 0.004630
2 0.057813 0.504630 0.006250 0.003704
2 0.230729 0.502315 0.003125 0.017593
2 0.297917 0.514352 0.005208 0.004630
2 0.421354 0.508796 0.006250 0.039815
2 0.479167 0.511574 0.004167 0.023148
2 0.459115 0.512963 0.003646 0.016667
2 0.548958 0.515278 0.007292 0.025000
2 0.560156 0.524074 0.006771 0.011111
2 0.616146 0.518056 0.005208 0.026852
2 0.633594 0.526852 0.004687 0.027778
2 0.630729 0.521296 0.005208 0.024074
2 0.517708 0.515278 0.004167 0.023148
2 0.523438 0.513889 0.005208 0.024074
2 0.520573 0.512037 0.003646 0.022222
2 0.757812 0.532870 0.007292 0.012037
