2 0.519271 0.543519 0.769792 0.503704
2 0.108333 0.468519 0.009375 0.042593
2 0.076302 0.470370 0.006771 0.040741
2 0.092188 0.468056 0.017708 0.037963
2 0.045573 0.462037 0.011979 0.046296
2 0.023177 0.468056 0.011979 0.037963
2 0.004687 0.468519 0.008333 0.037037
2 0.053125 0.461111 0.008333 0.050000
0 0.017448 0.546296 0.003646 0.012963
1 0.055990 0.923148 0.086979 0.072222
1 0.434375 0.888889 0.027083 0.051852
0 0.819792 0.627778 0.008333 0.020370
1 0.071354 0.945833 0.106250 0.086111
1 0.083854 0.960185 0.111458 0.075926
1 0.117708 0.968056 0.109375 0.060185
1 0.152344 0.988426 0.079687 0.019444
2 0.140365 0.468519 0.011979 0.046296
2 0.416927 0.476852 0.045312 0.175926
2 0.503646 0.558333 0.044792 0.027778
2 0.657031 0.529167 0.046354 0.126852
1 0.706510 0.480093 0.009896 0.010185
