0 0.106250 0.594907 0.006250 0.025000
0 0.101823 0.596296 0.004687 0.022222
1 0.128385 0.581481 0.018229 0.038889
2 0.259115 0.599074 0.517188 0.174074
2 0.304948 0.626389 0.067187 0.047222
2 0.829427 0.475000 0.003646 0.011111
2 0.689844 0.468981 0.040104 0.075000
2 0.740365 0.486111 0.013021 0.040741
2 0.788281 0.477315 0.023438 0.054630
2 0.920833 0.487500 0.004167 0.006481
2 0.905208 0.477315 0.003125 0.010185
2 0.835938 0.477778 0.003125 0.007407
0 0.928125 0.866667 0.009375 0.057407
2 0.172135 0.585185 0.068229 0.148148
2 0.406510 0.574074 0.056771 0.146296
