2 0.240104 0.502778 0.041667 0.209259
2 0.662240 0.533796 0.045312 0.126852
1 0.509375 0.527778 0.014583 0.018519
2 0.557813 0.488426 0.033333 0.023148
2 0.745313 0.540278 0.050000 0.136111
2 0.844531 0.565278 0.066146 0.152778
2 0.929688 0.542130 0.073958 0.184259
2 0.970052 0.519907 0.058854 0.280556
0 0.956771 0.573148 0.005208 0.014815
1 0.434896 0.888889 0.028125 0.051852
1 0.053906 0.923148 0.082812 0.066667
1 0.072135 0.944907 0.107813 0.084259
1 0.083073 0.961111 0.111979 0.074074
1 0.117448 0.969907 0.108854 0.058333
1 0.150781 0.990741 0.083854 0.016667
