2 0.497135 0.480556 0.003646 0.007407
2 0.215625 0.483796 0.426042 0.369444
2 0.666927 0.492130 0.009896 0.034259
2 0.620833 0.504167 0.006250 0.008333
2 0.560156 0.481481 0.004687 0.009259
2 0.723698 0.493519 0.004687 0.025926
2 0.789062 0.501389 0.004167 0.019444
2 0.746875 0.490741 0.004167 0.009259
2 0.963802 0.502778 0.004687 0.009259
2 0.884375 0.502315 0.006250 0.010185
2 0.840885 0.496759 0.003646 0.008333
2 0.862760 0.495833 0.003646 0.008333
0 0.106250 0.684722 0.007292 0.036111
2 0.265365 0.662500 0.256771 0.276852
0 0.444271 0.618519 0.006250 0.020370
0 0.348958 0.671296 0.006250 0.025926
