2 0.175000 0.529167 0.046875 0.128704
2 0.110156 0.471759 0.009896 0.034259
2 0.061979 0.480556 0.008333 0.007407
2 0.042969 0.479167 0.007812 0.010185
2 0.077865 0.480556 0.009896 0.009259
0 0.205990 0.543056 0.003646 0.015741
2 0.452344 0.551389 0.479687 0.360185
1 0.457813 0.477315 0.009375 0.008333
0 0.600781 0.592130 0.006771 0.021296
0 0.551562 0.576852 0.003125 0.016667
1 0.811979 0.498611 0.011458 0.013889
1 0.825781 0.500926 0.016146 0.012963
1 0.062240 0.927315 0.092188 0.080556
0 0.671354 0.606944 0.005208 0.017593
1 0.102865 0.965278 0.091146 0.065741
1 0.125521 0.977315 0.098958 0.045370
