2 0.094792 0.653704 0.188542 0.220370
2 0.348698 0.628704 0.049479 0.096296
2 0.421875 0.585648 0.058333 0.041667
2 0.624219 0.561574 0.005729 0.021296
2 0.616406 0.561111 0.005729 0.024074
2 0.662500 0.567130 0.005208 0.008333
2 0.631771 0.562500 0.005208 0.017593
2 0.760417 0.557407 0.012500 0.033333
2 0.799479 0.545370 0.007292 0.020370
2 0.670312 0.563889 0.006250 0.005556
2 0.830208 0.545833 0.005208 0.010185
2 0.822135 0.543519 0.005729 0.007407
2 0.983594 0.563889 0.007812 0.016667
2 0.856250 0.561574 0.005208 0.006481
2 0.996615 0.592593 0.006771 0.014815
0 0.125521 0.652315 0.004167 0.019444
