2 0.115625 0.557870 0.011458 0.021296
2 0.130729 0.562500 0.009375 0.019444
2 0.139323 0.558333 0.008854 0.016667
2 0.184635 0.587963 0.058854 0.033333
2 0.303125 0.575463 0.008333 0.015741
2 0.370052 0.575000 0.015104 0.022222
2 0.389062 0.576852 0.018750 0.025926
2 0.506510 0.573611 0.058854 0.050926
2 0.421875 0.577315 0.025000 0.028704
2 0.445833 0.580093 0.025000 0.025000
2 0.619531 0.540741 0.169271 0.135185
2 0.734896 0.573148 0.054167 0.074074
1 0.779427 0.630093 0.061979 0.112037
1 0.595052 0.807870 0.063021 0.158333
1 0.782031 0.740278 0.060937 0.065741
1 0.682292 0.630093 0.030208 0.067593
