1 0.138542 0.533333 0.014583 0.011111
2 0.360417 0.481944 0.028125 0.012037
2 0.790365 0.474074 0.057813 0.061111
2 0.836719 0.490741 0.026562 0.061111
2 0.823958 0.572685 0.052083 0.082407
2 0.934896 0.462037 0.002083 0.009259
2 0.995573 0.490278 0.008854 0.039815
2 0.982031 0.454167 0.035937 0.026852
2 0.143750 0.721759 0.038542 0.023148
0 0.035677 0.878704 0.014063 0.061111
0 0.105469 0.721759 0.006771 0.032407
0 0.148958 0.717130 0.006250 0.015741
1 0.252083 0.781481 0.092708 0.098148
0 0.902865 0.756019 0.009896 0.041667
