2 0.056250 0.817361 0.042188 0.023611
2 0.219922 0.745833 0.027344 0.013889
2 0.056250 0.750694 0.039062 0.029167
2 0.107422 0.750000 0.022656 0.077778
2 0.005078 0.747917 0.008594 0.048611
2 0.441406 0.753472 0.010937 0.018056
2 0.458984 0.855556 0.010156 0.022222
2 0.396094 0.734722 0.070312 0.200000
0 0.458594 0.855556 0.006250 0.019444
2 0.521484 0.745833 0.005469 0.027778
2 0.546484 0.748611 0.028906 0.011111
2 0.667188 0.744444 0.010937 0.044444
2 0.514062 0.749306 0.003125 0.009722
2 0.951562 0.746528 0.006250 0.020833
0 0.274609 0.943056 0.005469 0.019444
0 0.600391 0.932639 0.014844 0.020833
0 0.710547 0.931250 0.008594 0.031944
0 0.773438 0.934722 0.010937 0.033333
0 0.784766 0.933333 0.011719 0.038889
0 0.841797 0.950000 0.016406 0.052778
0 0.852344 0.949306 0.009375 0.054167
0 0.865625 0.930556 0.009375 0.033333
