2 0.147266 0.761806 0.016406 0.076389
2 0.223047 0.761111 0.038281 0.091667
2 0.116797 0.739583 0.021094 0.056944
2 0.199219 0.752778 0.006250 0.027778
2 0.100391 0.747917 0.007031 0.034722
2 0.183594 0.750000 0.004687 0.025000
2 0.087891 0.752083 0.003906 0.015278
2 0.252344 0.752778 0.003125 0.011111
2 0.261328 0.752083 0.005469 0.023611
2 0.376172 0.754167 0.005469 0.022222
2 0.394922 0.751389 0.017969 0.038889
2 0.418359 0.752083 0.005469 0.018056
2 0.423828 0.753472 0.005469 0.020833
2 0.464844 0.765972 0.018750 0.009722
2 0.278516 0.761111 0.019531 0.075000
2 0.359766 0.753472 0.005469 0.023611
2 0.569531 0.753472 0.006250 0.015278
2 0.661719 0.752778 0.017188 0.044444
2 0.762109 0.750000 0.027344 0.116667
2 0.632422 0.788889 0.016406 0.016667
2 0.602734 0.804861 0.016406 0.015278
0 0.094531 0.983333 0.015625 0.033333
0 0.176563 0.946528 0.010937 0.023611
0 0.197656 0.947222 0.010937 0.025000
