2 0.006250 0.612500 0.010937 0.077778
2 0.040234 0.581944 0.025781 0.055556
2 0.385937 0.566667 0.004687 0.022222
2 0.405078 0.566667 0.005469 0.025000
2 0.524609 0.582639 0.041406 0.106944
2 0.568359 0.593056 0.005469 0.008333
2 0.587500 0.564583 0.006250 0.023611
2 0.643750 0.561806 0.006250 0.020833
2 0.628125 0.559028 0.006250 0.029167
2 0.654687 0.561111 0.004687 0.022222
2 0.660937 0.562500 0.004687 0.019444
2 0.728125 0.560417 0.004687 0.026389
2 0.950781 0.565278 0.006250 0.022222
2 0.953906 0.558333 0.006250 0.030556
2 0.838281 0.562500 0.004687 0.016667
2 0.978906 0.563194 0.004687 0.023611
