2 0.485547 0.705556 0.071094 0.222222
0 0.467578 0.824306 0.007031 0.029167
0 0.474609 0.828472 0.007031 0.031944
0 0.584375 0.894444 0.007812 0.027778
0 0.604297 0.890972 0.010156 0.043056
0 0.635938 0.885417 0.010937 0.048611
0 0.533594 0.879861 0.006250 0.018056
0 0.863281 0.859722 0.009375 0.030556
0 0.862891 0.843750 0.005469 0.029167
0 0.871875 0.858333 0.006250 0.025000
0 0.897266 0.856944 0.008594 0.025000
0 0.914062 0.857639 0.006250 0.023611
0 0.942969 0.863889 0.006250 0.027778
0 0.950391 0.866667 0.007031 0.025000
0 0.997656 0.867361 0.004687 0.029167
