2 0.100521 0.554630 0.002083 0.005556
2 0.007812 0.551389 0.002083 0.008333
2 0.097917 0.555093 0.002083 0.006481
2 0.202083 0.564352 0.004167 0.006481
2 0.222656 0.554630 0.003646 0.016667
2 0.272656 0.557870 0.002604 0.008333
2 0.282552 0.557407 0.002604 0.011111
2 0.430208 0.559259 0.004167 0.014815
2 0.484375 0.569444 0.006250 0.007407
2 0.547396 0.578241 0.007292 0.010185
2 0.614844 0.560648 0.006771 0.019444
2 0.518750 0.570370 0.006250 0.007407
2 0.503385 0.563426 0.002604 0.010185
2 0.576302 0.573148 0.005729 0.007407
2 0.737500 0.555556 0.009375 0.066667
2 0.794531 0.565741 0.003646 0.018519
2 0.887240 0.570833 0.013021 0.006481
2 0.930469 0.568981 0.005729 0.004630
2 0.047135 0.650463 0.022396 0.028704
0 0.048438 0.651852 0.007292 0.022222
