2 0.244531 0.800926 0.005729 0.014815
2 0.286719 0.801852 0.003646 0.007407
2 0.314583 0.801852 0.002083 0.007407
2 0.302344 0.800463 0.002604 0.010185
2 0.306510 0.799537 0.002604 0.010185
2 0.328906 0.800463 0.002604 0.008333
2 0.414323 0.799074 0.011979 0.029630
2 0.390365 0.804167 0.007812 0.021296
2 0.476823 0.795833 0.026562 0.021296
2 0.490104 0.800463 0.004167 0.017593
2 0.343229 0.799537 0.003125 0.012037
2 0.464844 0.801389 0.011979 0.012037
2 0.536719 0.804167 0.008854 0.021296
2 0.542708 0.800000 0.004167 0.014815
2 0.590885 0.796759 0.004687 0.019444
2 0.650000 0.805556 0.008333 0.011111
2 0.662760 0.796759 0.005729 0.023148
2 0.523438 0.794907 0.005208 0.026852
2 0.837240 0.796296 0.009896 0.022222
2 0.795833 0.799074 0.007292 0.012963
2 0.878125 0.797685 0.008333 0.019444
2 0.901042 0.808333 0.006250 0.005556
2 0.885938 0.798148 0.006250 0.014815
2 0.960417 0.807870 0.009375 0.006481
2 0.918229 0.796296 0.006250 0.018519
2 0.973177 0.793981 0.003646 0.025000
