2 0.097396 0.750000 0.028125 0.083333
2 0.308073 0.765741 0.013021 0.029630
2 0.271615 0.765278 0.009896 0.034259
2 0.257031 0.760648 0.014063 0.037963
2 0.211979 0.774074 0.006250 0.005556
2 0.376563 0.761574 0.009375 0.043519
2 0.444271 0.778241 0.011458 0.006481
2 0.614844 0.851389 0.081771 0.045370
2 0.511719 0.778241 0.008854 0.006481
2 0.705469 0.775000 0.008854 0.038889
2 0.780469 0.764352 0.008854 0.052778
2 0.808854 0.767130 0.007292 0.043519
2 0.872656 0.773148 0.006771 0.044444
2 0.918750 0.785648 0.007292 0.008333
2 0.982292 0.774537 0.008333 0.049074
