2 0.244271 0.806481 0.005208 0.020370
2 0.272917 0.808333 0.005208 0.016667
2 0.290885 0.811111 0.003646 0.011111
2 0.307552 0.807407 0.003646 0.016667
2 0.312240 0.810185 0.003646 0.012963
2 0.232813 0.809259 0.003125 0.012963
2 0.228385 0.812963 0.002604 0.009259
2 0.296875 0.811111 0.002083 0.011111
2 0.380990 0.803241 0.004687 0.034259
2 0.413021 0.804167 0.011458 0.025000
2 0.432812 0.805556 0.007292 0.022222
2 0.440365 0.798148 0.010937 0.038889
2 0.500000 0.808796 0.007292 0.019444
2 0.465365 0.808333 0.003646 0.014815
2 0.372135 0.809259 0.004687 0.012963
2 0.365885 0.808333 0.005729 0.014815
2 0.487240 0.807870 0.002604 0.013889
2 0.448177 0.807870 0.002604 0.015741
2 0.477604 0.808333 0.003125 0.012963
2 0.339323 0.811111 0.005729 0.009259
2 0.482552 0.807870 0.002604 0.013889
2 0.393490 0.811111 0.002604 0.009259
2 0.400000 0.809259 0.003125 0.012963
2 0.655469 0.809259 0.006771 0.031481
2 0.592187 0.805093 0.005208 0.021296
2 0.607552 0.803704 0.003646 0.022222
2 0.556510 0.805556 0.005729 0.018519
2 0.611979 0.806019 0.002083 0.017593
2 0.616406 0.806481 0.002604 0.014815
2 0.531771 0.810185 0.003125 0.011111
2 0.652083 0.839352 0.010417 0.006481
2 0.564583 0.807870 0.005208 0.015741
2 0.635677 0.808333 0.004687 0.012963
2 0.570573 0.807407 0.002604 0.012963
2 0.660937 0.806481 0.004167 0.014815
2 0.644010 0.806019 0.002604 0.015741
2 0.568490 0.809722 0.002604 0.008333
2 0.514583 0.810648 0.003125 0.008333
2 0.542708 0.815278 0.003125 0.006481
2 0.819792 0.802778 0.010417 0.027778
2 0.700781 0.806481 0.008854 0.020370
2 0.772917 0.806019 0.004167 0.017593
2 0.777083 0.805093 0.004167 0.019444
2 0.807292 0.805556 0.004167 0.016667
2 0.718490 0.806019 0.003646 0.021296
2 0.944531 0.806481 0.006771 0.016667
2 0.916667 0.805556 0.006250 0.022222
2 0.900521 0.805093 0.007292 0.021296
2 0.852083 0.805556 0.008333 0.027778
2 0.872396 0.806019 0.004167 0.015741
2 0.994792 0.803241 0.008333 0.023148
2 0.979688 0.807407 0.003125 0.012963
2 0.878906 0.806481 0.002604 0.012963
2 0.909115 0.812963 0.006771 0.005556
