2 0.238542 0.799537 0.006250 0.019444
2 0.277083 0.795370 0.003125 0.014815
2 0.283333 0.794444 0.004167 0.018519
2 0.287760 0.793056 0.005729 0.017593
2 0.307812 0.790741 0.011458 0.025926
2 0.329688 0.793056 0.003125 0.017593
2 0.320052 0.800000 0.007812 0.005556
2 0.327083 0.796296 0.003125 0.009259
2 0.224219 0.794907 0.005729 0.017593
2 0.232031 0.797685 0.004687 0.012037
2 0.347656 0.796759 0.002604 0.006481
2 0.361458 0.794907 0.003125 0.012037
2 0.377344 0.790741 0.006771 0.024074
2 0.384115 0.795833 0.002604 0.006481
2 0.388802 0.795370 0.002604 0.007407
2 0.401562 0.797685 0.005208 0.008333
2 0.391667 0.795833 0.002083 0.008333
2 0.334375 0.795833 0.002083 0.008333
2 0.476042 0.799537 0.005208 0.004630
2 0.481771 0.795370 0.002083 0.007407
2 0.371615 0.796759 0.001563 0.006481
2 0.448698 0.794907 0.002604 0.010185
2 0.542448 0.794907 0.002604 0.010185
2 0.529167 0.795370 0.002083 0.007407
2 0.563281 0.797222 0.024479 0.012963
2 0.639323 0.795370 0.003646 0.005556
2 0.623437 0.795370 0.002083 0.007407
2 0.597135 0.795833 0.001563 0.006481
2 0.752865 0.798148 0.010937 0.020370
2 0.761979 0.792593 0.003125 0.014815
2 0.793490 0.794907 0.006771 0.017593
2 0.741406 0.798611 0.007812 0.006481
2 0.671875 0.793519 0.007292 0.018519
2 0.776042 0.797685 0.005208 0.006481
2 0.822135 0.793056 0.003646 0.015741
2 0.867188 0.792593 0.010417 0.068519
2 0.875781 0.789815 0.017188 0.040741
2 0.926302 0.793056 0.030729 0.017593
2 0.959896 0.801852 0.007292 0.007407
2 0.997917 0.793056 0.004167 0.017593
2 0.963542 0.787963 0.006250 0.025926
2 0.848698 0.792130 0.003646 0.015741
