2 0.314063 0.793981 0.005208 0.019444
2 0.282031 0.796759 0.005729 0.010185
2 0.293750 0.795370 0.003125 0.007407
2 0.300781 0.798148 0.006771 0.005556
2 0.323958 0.794444 0.004167 0.012963
2 0.268750 0.789352 0.009375 0.026852
2 0.246354 0.796296 0.003125 0.007407
2 0.352083 0.800000 0.006250 0.005556
2 0.363542 0.793056 0.003125 0.015741
2 0.392448 0.792593 0.003646 0.016667
2 0.405208 0.793981 0.003125 0.012037
2 0.410677 0.793519 0.003646 0.012963
2 0.434375 0.796296 0.003125 0.007407
2 0.436979 0.793981 0.003125 0.012037
2 0.460156 0.794907 0.002604 0.008333
2 0.454427 0.795833 0.005729 0.010185
2 0.496094 0.785185 0.009896 0.035185
2 0.642188 0.792130 0.004167 0.017593
2 0.659375 0.791204 0.004167 0.021296
2 0.554427 0.793056 0.005729 0.012037
2 0.604167 0.791204 0.009375 0.023148
2 0.525521 0.789352 0.004167 0.023148
2 0.500521 0.793981 0.003125 0.010185
2 0.757812 0.791667 0.004167 0.018519
2 0.774740 0.792593 0.002604 0.009259
2 0.747135 0.793519 0.003646 0.007407
2 0.839063 0.792130 0.004167 0.013889
2 0.915104 0.790278 0.003125 0.017593
2 0.972917 0.791667 0.003125 0.012963
2 0.871354 0.791667 0.006250 0.014815
2 0.911719 0.790741 0.004687 0.014815
