2 0.227604 0.552778 0.003125 0.009259
2 0.435417 0.555556 0.004167 0.009259
2 0.453646 0.555556 0.003125 0.011111
2 0.481510 0.556481 0.003646 0.012963
2 0.431510 0.556019 0.002604 0.012037
2 0.528646 0.556481 0.004167 0.012963
2 0.545833 0.559722 0.004167 0.004630
2 0.570052 0.564815 0.005729 0.005556
2 0.721094 0.560185 0.006771 0.011111
2 0.779167 0.558333 0.003125 0.009259
2 0.829167 0.560648 0.002083 0.006481
2 0.906250 0.558796 0.011458 0.026852
2 0.915625 0.560185 0.007292 0.018519
2 0.898698 0.560185 0.003646 0.011111
