2 0.253385 0.793519 0.003646 0.011111
2 0.297656 0.793519 0.003646 0.020370
2 0.313802 0.792593 0.002604 0.014815
2 0.427604 0.796296 0.006250 0.005556
2 0.433854 0.788889 0.007292 0.022222
2 0.381250 0.791667 0.004167 0.016667
2 0.398438 0.788889 0.004167 0.025926
2 0.502344 0.794444 0.003646 0.011111
2 0.566667 0.791667 0.003125 0.016667
2 0.577865 0.790741 0.003646 0.016667
2 0.607812 0.789352 0.004167 0.015741
2 0.620313 0.791667 0.003125 0.012963
2 0.647917 0.796296 0.004167 0.005556
2 0.627865 0.791667 0.003646 0.014815
2 0.582812 0.793519 0.003125 0.007407
2 0.532813 0.792130 0.002083 0.010185
2 0.601042 0.800000 0.010417 0.005556
2 0.686458 0.793519 0.003125 0.007407
2 0.696875 0.791667 0.003125 0.014815
2 0.705208 0.792130 0.003125 0.010185
2 0.823698 0.794907 0.006771 0.004630
2 0.764062 0.792593 0.007292 0.014815
2 0.793490 0.791204 0.003646 0.019444
2 0.810417 0.793519 0.004167 0.012963
2 0.680990 0.794444 0.003646 0.009259
2 0.966667 0.789815 0.004167 0.018519
2 0.986979 0.783796 0.004167 0.034259
2 0.912500 0.789815 0.007292 0.014815
2 0.887240 0.791667 0.004687 0.020370
2 0.950260 0.787963 0.003646 0.018519
2 0.939063 0.786111 0.004167 0.025926
2 0.940885 0.804167 0.007812 0.008333
