2 0.272135 0.632870 0.030729 0.145370
2 0.097656 0.646296 0.010937 0.007407
2 0.124740 0.641204 0.007812 0.008333
2 0.394792 0.646759 0.009375 0.028704
2 0.465885 0.661111 0.007812 0.007407
2 0.496354 0.652778 0.005208 0.018519
2 0.532552 0.674074 0.019271 0.009259
2 0.590365 0.670370 0.020313 0.011111
2 0.690365 0.851852 0.076563 0.103704
0 0.696354 0.847222 0.015625 0.048148
0 0.710677 0.848611 0.014063 0.039815
2 0.706771 0.667593 0.008333 0.005556
2 0.959375 0.684722 0.009375 0.010185
2 0.876563 0.675463 0.009375 0.006481
2 0.892708 0.665278 0.003125 0.013889
