2 0.099479 0.594444 0.026042 0.009259
2 0.335156 0.582407 0.005729 0.025926
2 0.205469 0.579630 0.003646 0.011111
2 0.392188 0.590741 0.006250 0.007407
2 0.460938 0.568519 0.011458 0.046296
2 0.349479 0.582870 0.003125 0.010185
2 0.658854 0.584722 0.005208 0.013889
2 0.664062 0.587500 0.005208 0.015741
2 0.588281 0.590278 0.004687 0.004630
2 0.832812 0.599074 0.019792 0.107407
2 0.762500 0.586574 0.012500 0.025000
2 0.731771 0.587963 0.004167 0.009259
2 0.859375 0.586111 0.007292 0.020370
2 0.901823 0.588889 0.007812 0.018519
2 0.988021 0.582870 0.023958 0.100926
2 0.110417 0.603704 0.020833 0.009259
2 0.309375 0.710185 0.082292 0.046296
0 0.429948 0.882407 0.021354 0.085185
2 0.559115 0.823148 0.332813 0.353704
0 0.491927 0.825926 0.031771 0.112963
2 0.657813 0.593981 0.004167 0.000926
0 0.600260 0.916204 0.047396 0.167593
2 0.681510 0.618519 0.010937 0.016667
2 0.802865 0.595370 0.003646 0.003704
2 0.845313 0.589815 0.005208 0.022222
2 0.345833 0.978241 0.101042 0.043519
0 0.491146 0.951852 0.060417 0.096296
