2 0.263281 0.792130 0.003646 0.013889
2 0.229687 0.799074 0.004167 0.005556
2 0.274740 0.792593 0.003646 0.011111
2 0.296354 0.796759 0.005208 0.004630
2 0.468490 0.788426 0.003646 0.017593
2 0.353906 0.791667 0.003646 0.012963
2 0.496094 0.787963 0.009896 0.024074
2 0.365365 0.791667 0.002604 0.011111
2 0.402865 0.792593 0.002604 0.007407
2 0.445833 0.795370 0.005208 0.003704
2 0.512500 0.791204 0.004167 0.012037
2 0.581771 0.794444 0.005208 0.005556
2 0.558854 0.788889 0.008333 0.018519
2 0.591667 0.793519 0.003125 0.005556
2 0.669531 0.795833 0.004687 0.004630
2 0.806771 0.796296 0.006250 0.005556
2 0.946094 0.789815 0.004687 0.020370
2 0.910677 0.788426 0.005729 0.017593
2 0.915625 0.787963 0.003125 0.016667
