2 0.284896 0.816667 0.014583 0.009259
2 0.274219 0.804167 0.004687 0.017593
2 0.303385 0.800926 0.004687 0.025926
2 0.221875 0.795370 0.011458 0.046296
2 0.373177 0.802315 0.004687 0.019444
2 0.411979 0.803241 0.004167 0.017593
2 0.438281 0.804630 0.005729 0.016667
2 0.448698 0.802778 0.004687 0.016667
2 0.465365 0.800926 0.005729 0.025926
2 0.354948 0.806019 0.003646 0.012037
2 0.344010 0.803241 0.003646 0.021296
2 0.348958 0.801389 0.004167 0.023148
2 0.362500 0.805093 0.005208 0.017593
2 0.586979 0.800926 0.009375 0.022222
2 0.550260 0.802315 0.004687 0.015741
2 0.509375 0.802315 0.004167 0.015741
2 0.656510 0.801389 0.004687 0.019444
2 0.517708 0.800000 0.005208 0.024074
2 0.604167 0.801852 0.005208 0.018519
2 0.645573 0.805093 0.003646 0.013889
2 0.535677 0.803704 0.003646 0.014815
2 0.551042 0.805093 0.023958 0.012037
2 0.749479 0.798611 0.009375 0.028704
2 0.813802 0.803704 0.004687 0.024074
2 0.821354 0.797685 0.007292 0.028704
2 0.997917 0.801852 0.004167 0.022222
2 0.839844 0.796296 0.009896 0.035185
2 0.854427 0.801852 0.004687 0.020370
2 0.886979 0.800926 0.005208 0.020370
2 0.869792 0.800000 0.006250 0.022222
2 0.922135 0.802315 0.005729 0.017593
2 0.917969 0.803704 0.005729 0.018519
