2 0.260937 0.802778 0.011458 0.024074
2 0.301823 0.798611 0.003646 0.015741
2 0.282552 0.801389 0.004687 0.015741
2 0.275521 0.801852 0.002083 0.009259
2 0.316667 0.801389 0.004167 0.012037
2 0.269792 0.802778 0.002083 0.007407
2 0.235156 0.800000 0.003646 0.016667
2 0.266927 0.799537 0.003646 0.013889
2 0.466406 0.793981 0.005729 0.032407
2 0.415625 0.792593 0.016667 0.040741
2 0.362760 0.791204 0.008854 0.050926
2 0.489844 0.796759 0.010937 0.025000
2 0.449219 0.825926 0.009896 0.007407
2 0.352344 0.799537 0.003646 0.015741
2 0.344531 0.799537 0.003646 0.012037
2 0.458073 0.797222 0.008854 0.020370
2 0.480729 0.799074 0.003125 0.014815
2 0.379427 0.801852 0.002604 0.009259
2 0.658854 0.798148 0.005208 0.020370
2 0.648698 0.796759 0.005729 0.021296
2 0.563281 0.799074 0.002604 0.014815
2 0.590885 0.803241 0.002604 0.008333
2 0.504687 0.797222 0.004167 0.024074
2 0.586979 0.802778 0.003125 0.009259
2 0.622396 0.800926 0.002083 0.009259
2 0.519531 0.812963 0.007812 0.007407
2 0.676302 0.799537 0.003646 0.015741
2 0.817187 0.809259 0.004167 0.005556
2 0.814844 0.798611 0.004687 0.013889
2 0.778646 0.809259 0.006250 0.005556
2 0.883854 0.791204 0.006250 0.041667
2 0.934896 0.799074 0.004167 0.022222
2 0.902344 0.799537 0.003646 0.013889
2 0.961198 0.797685 0.003646 0.017593
2 0.894271 0.795370 0.004167 0.024074
2 0.914844 0.793056 0.003646 0.025000
2 0.925781 0.796759 0.002604 0.013889
2 0.923958 0.831944 0.006250 0.008333
2 0.982552 0.799537 0.002604 0.012037
2 0.872135 0.821296 0.005729 0.011111
2 0.888021 0.799074 0.002083 0.014815
